========================================================
Solution for: E-n22-k4
Total time: 6.860553979873657   Solution cost: 383.8410322941523  Iteration: 171
0 21 19 16 14 0
0 13 11 4 3 6 8 10 0
0 1 2 5 7 9 0
0 17 20 18 15 12 0
========================================================
========================================================
Solution for: E-n22-k4
Total time: 3.733013391494751   Solution cost: 378.66061957234007  Iteration: 93
0 9 7 5 2 1 6 8 0
0 21 19 16 14 0
0 13 11 4 3 10 0
0 17 20 18 15 12 0
========================================================
========================================================
Solution for: E-n22-k4
Total time: 4.259166240692139   Solution cost: 378.66061957234007  Iteration: 106
0 9 7 5 2 1 6 8 0
0 21 19 16 14 0
0 10 3 4 11 13 0
0 17 20 18 15 12 0
========================================================
========================================================
Solution for: E-n22-k4
Total time: 4.666932821273804   Solution cost: 378.66061957234007  Iteration: 116
0 21 19 16 14 0
0 9 7 5 2 1 6 8 0
0 13 11 4 3 10 0
0 17 20 18 15 12 0
========================================================
========================================================
Solution for: E-n22-k4
Total time: 3.3321425914764404   Solution cost: 384.75451315518404  Iteration: 83
0 17 20 18 15 12 0
0 8 6 4 3 11 13 0
0 9 7 5 2 1 10 0
0 14 16 19 21 0
========================================================
========================================================
Solution for: E-n22-k4
Total time: 4.249972581863403   Solution cost: 381.5825982529416  Iteration: 103
0 8 6 3 4 11 13 0
0 9 7 5 2 1 10 0
0 21 19 16 14 0
0 12 15 18 20 17 0
========================================================
========================================================
Solution for: E-n22-k4
Total time: 2.322720766067505   Solution cost: 378.6606195723402  Iteration: 57
0 12 15 18 20 17 0
0 9 7 5 2 1 6 8 0
0 14 16 19 21 0
0 10 3 4 11 13 0
========================================================
========================================================
Solution for: E-n22-k4
Total time: 3.2783684730529785   Solution cost: 378.66061957234007  Iteration: 79
0 21 19 16 14 0
0 9 7 5 2 1 6 8 0
0 10 3 4 11 13 0
0 17 20 18 15 12 0
========================================================
========================================================
Solution for: E-n22-k4
Total time: 3.886338233947754   Solution cost: 378.6606195723401  Iteration: 89
0 14 16 19 21 0
0 9 7 5 2 1 6 8 0
0 12 15 18 20 17 0
0 13 11 4 3 10 0
========================================================
========================================================
Solution for: E-n22-k4
Total time: 5.801297664642334   Solution cost: 378.66061957234007  Iteration: 133
0 9 7 5 2 1 6 8 0
0 21 19 16 14 0
0 13 11 4 3 10 0
0 17 20 18 15 12 0
========================================================

======================================================================================================================================

========================================================
Solution for: E-n33-k4
Total time: 4.878572463989258   Solution cost: 871.4995710488106  Iteration: 65
0 2 12 11 32 10 9 8 5 6 7 3 0
0 28 27 26 25 17 15 0
0 18 19 21 22 20 23 24 16 29 30 0
0 4 13 1 14 31 0
========================================================
========================================================
Solution for: E-n33-k4
Total time: 12.45808219909668   Solution cost: 875.4288486385345  Iteration: 168
0 26 27 28 16 29 0
0 5 7 6 32 8 9 10 11 12 2 3 0
0 19 18 21 20 22 23 24 25 17 15 0
0 30 31 13 1 14 4 0
========================================================
========================================================
Solution for: E-n33-k4
Total time: 12.783963680267334   Solution cost: 867.0017190831621  Iteration: 173
0 19 18 21 20 22 24 23 25 17 15 0
0 3 2 12 11 32 8 9 10 7 6 5 0
0 30 31 14 1 13 4 0
0 26 27 28 16 29 0
========================================================
========================================================
Solution for: E-n33-k4
Total time: 6.76667857170105   Solution cost: 870.8332543890905  Iteration: 91
0 10 8 9 7 6 5 32 11 12 2 3 0
0 14 15 17 25 26 0
0 29 28 27 16 24 23 22 20 21 18 19 13 0
0 30 31 1 4 0
========================================================
========================================================
Solution for: E-n33-k4
Total time: 6.101753234863281   Solution cost: 888.1702261261237  Iteration: 81
0 5 6 7 9 8 10 32 11 12 2 3 0
0 26 27 28 29 16 17 15 0
0 4 19 18 22 21 20 23 24 25 1 13 0
0 30 31 14 0
========================================================
========================================================
Solution for: E-n33-k4
Total time: 8.962001085281372   Solution cost: 864.0428694891722  Iteration: 120
0 14 15 17 25 26 0
0 2 12 11 32 8 9 10 6 7 5 3 0
0 29 28 27 16 24 23 22 20 21 18 19 0
0 30 31 1 13 4 0
========================================================
========================================================
Solution for: E-n33-k4
Total time: 5.369138240814209   Solution cost: 878.5850089610219  Iteration: 71
0 28 27 26 25 17 15 0
0 18 19 21 20 22 23 24 16 29 30 0
0 5 6 7 8 9 10 32 11 12 2 3 0
0 13 1 14 31 4 0
========================================================
========================================================
Solution for: E-n33-k4
Total time: 16.484132289886475   Solution cost: 875.3147546514281  Iteration: 220
0 5 6 7 8 9 10 32 11 12 2 3 0
0 19 18 21 20 22 23 24 25 17 15 0
0 30 31 14 1 13 4 0
0 28 27 26 16 29 0
========================================================
========================================================
Solution for: E-n33-k4
Total time: 4.7286317348480225   Solution cost: 877.5588497287843  Iteration: 62
0 15 17 25 26 27 28 0
0 19 18 22 20 21 23 24 16 29 30 0
0 3 2 12 11 32 8 9 10 7 6 5 0
0 4 13 1 14 31 0
========================================================
========================================================
Solution for: E-n33-k4
Total time: 8.510945796966553   Solution cost: 862.7959360614159  Iteration: 114
0 29 16 28 27 26 0
0 18 19 21 20 22 23 24 25 17 15 0
0 2 12 11 32 8 9 10 5 6 7 3 0
0 4 13 1 14 31 30 0
========================================================

======================================================================================================================================

========================================================
Solution for: E-n51-k5
Total time: 14.555500268936157   Solution cost: 624.1163589960396  Iteration: 103
0 14 25 24 43 7 23 48 6 27 46 0
0 21 29 2 16 50 9 49 5 38 11 0
0 34 30 39 10 33 45 15 44 37 17 4 0
0 20 35 36 3 28 31 8 26 22 1 32 0
0 12 47 13 41 19 42 40 0
0 18 0
========================================================
========================================================
Solution for: E-n51-k5
Total time: 10.062634229660034   Solution cost: 625.9958732259718  Iteration: 70
0 12 46 27 48 6 14 25 13 0
0 16 50 9 49 5 38 11 32 1 22 8 0
0 36 35 20 3 28 31 26 7 23 24 43 0
0 2 29 21 34 30 10 39 33 45 15 0
0 18 4 17 37 44 42 19 41 40 47 0
========================================================
========================================================
Solution for: E-n51-k5
Total time: 16.386412382125854   Solution cost: 598.7339744848284  Iteration: 113
0 21 29 20 35 36 3 28 31 8 26 7 0
0 15 45 33 39 10 30 34 50 9 49 0
0 46 27 6 48 23 43 24 14 25 0
0 32 1 22 2 16 11 38 5 12 0
0 17 37 44 42 19 41 40 13 18 0
0 47 4 0
========================================================
========================================================
Solution for: E-n51-k5
Total time: 11.173754453659058   Solution cost: 600.7846188293206  Iteration: 72
0 6 14 25 13 41 19 42 40 4 0
0 8 26 31 28 3 36 35 20 29 21 16 0
0 50 34 30 10 39 33 45 15 44 37 17 0
0 9 49 5 38 11 32 1 22 2 46 0
0 27 48 7 23 24 43 18 47 0
0 12 0
========================================================
========================================================
Solution for: E-n51-k5
Total time: 10.872173070907593   Solution cost: 618.1929491979927  Iteration: 62
0 40 19 41 13 25 14 18 0
0 24 43 7 23 6 48 27 1 32 11 38 0
0 8 26 31 28 3 20 35 36 2 22 0
0 33 45 15 44 42 4 17 37 12 47 0
0 46 5 49 10 39 30 34 50 16 9 21 29 0
========================================================
========================================================
Solution for: E-n51-k5
Total time: 30.67209005355835   Solution cost: 599.7454632754819  Iteration: 202
0 16 50 34 30 39 10 49 9 38 5 0
0 17 37 44 15 45 33 42 40 19 41 13 0
0 31 28 3 36 35 20 29 21 2 22 1 0
0 14 25 18 4 47 12 46 0
0 8 26 7 23 24 43 48 27 32 11 0
0 6 0
========================================================
========================================================
Solution for: E-n51-k5
Total time: 17.247806549072266   Solution cost: 608.288488984651  Iteration: 120
0 41 19 42 44 15 45 33 39 10 49 0
0 46 12 47 18 4 17 37 5 38 0
0 6 23 7 43 24 14 25 13 40 0
0 21 29 20 35 36 3 28 31 26 8 48 0
0 50 9 30 34 16 2 22 1 32 11 0
0 27 0
========================================================
========================================================
Solution for: E-n51-k5
Total time: 13.551031351089478   Solution cost: 598.374684641493  Iteration: 95
0 9 50 34 30 10 39 33 45 15 44 37 17 0
0 36 35 20 3 28 31 8 26 7 23 0
0 43 24 14 25 13 41 19 42 40 4 0
0 38 11 32 1 22 2 29 21 16 49 5 0
0 46 12 47 18 6 48 27 0
========================================================
========================================================
Solution for: E-n51-k5
Total time: 30.083919286727905   Solution cost: 604.5560473983548  Iteration: 209
0 20 35 36 3 28 31 26 8 22 1 32 0
0 17 37 15 45 33 39 10 30 34 21 29 0
0 25 14 24 43 7 23 48 6 27 46 0
0 5 38 11 2 16 50 9 49 0
0 42 44 40 19 41 13 4 18 0
0 47 12 0
========================================================
========================================================
Solution for: E-n51-k5
Total time: 10.34842824935913   Solution cost: 597.3267393806901  Iteration: 72
0 4 17 37 15 45 33 39 10 49 9 50 16 0
0 14 25 13 40 41 19 42 44 0
0 22 2 29 21 34 30 5 38 11 0
0 3 20 35 36 28 31 26 8 1 32 27 0
0 48 23 7 43 24 6 18 47 0
0 46 12 0
========================================================

======================================================================================================================================

========================================================
Solution for: E-n76-k8
Total time: 26.3218994140625   Solution cost: 856.8935757640054  Iteration: 94
0 35 7 53 14 59 66 11 0
0 44 3 16 63 33 73 62 28 74 30 0
0 38 65 58 72 39 9 25 55 31 10 0
0 21 47 48 29 45 27 52 34 0
0 1 43 41 42 64 22 61 69 36 71 60 70 0
0 5 37 20 15 57 13 54 19 8 46 0
0 23 56 49 24 18 50 32 40 12 0
0 75 68 6 51 17 26 67 4 0
0 2 0
========================================================
========================================================
Solution for: E-n76-k8
Total time: 33.892719984054565   Solution cost: 844.2041700732943  Iteration: 124
0 29 45 27 52 34 46 8 35 7 26 0
0 69 36 71 60 70 20 37 5 15 57 13 54 19 0
0 58 72 39 9 32 44 3 40 12 0
0 30 74 28 62 73 33 63 16 51 17 0
0 48 47 21 61 22 64 42 41 43 0
0 49 24 18 50 25 55 31 10 38 65 0
0 53 11 66 59 14 0
0 68 6 2 1 56 23 67 4 0
0 75 0
========================================================
========================================================
Solution for: E-n76-k8
Total time: 23.00306487083435   Solution cost: 857.2345455657594  Iteration: 82
0 54 13 57 15 5 37 20 70 60 71 69 36 47 0
0 4 75 68 6 51 17 40 12 26 0
0 33 73 1 43 41 42 64 22 61 21 0
0 35 7 53 14 59 66 11 0
0 34 46 8 19 52 27 45 29 48 0
0 63 16 3 44 32 9 39 72 58 10 0
0 30 2 74 28 62 56 23 49 24 0
0 65 38 31 55 25 50 18 67 0
========================================================
========================================================
Solution for: E-n76-k8
Total time: 36.382911682128906   Solution cost: 838.5180565699932  Iteration: 129
0 57 15 5 37 20 70 60 71 69 36 47 21 0
0 73 1 43 41 42 64 22 61 28 74 0
0 58 72 39 9 32 44 3 16 63 33 0
0 6 51 17 40 12 26 67 4 0
0 56 23 49 24 18 50 25 55 31 10 0
0 30 48 29 45 27 52 34 46 8 0
0 62 2 68 75 13 54 19 14 53 35 0
0 38 65 11 66 59 7 0
========================================================
========================================================
Solution for: E-n76-k8
Total time: 25.029882192611694   Solution cost: 844.8526931756099  Iteration: 88
0 5 47 21 69 36 71 60 70 20 37 15 57 0
0 8 35 7 53 14 19 54 13 27 52 0
0 49 24 18 50 25 55 31 10 38 65 0
0 1 43 42 41 56 23 64 22 61 28 0
0 45 29 48 30 74 2 62 73 33 63 0
0 58 72 39 9 32 44 3 16 51 6 0
0 75 68 4 67 26 17 12 40 0
0 46 34 59 66 11 0
========================================================
========================================================
Solution for: E-n76-k8
Total time: 31.822940826416016   Solution cost: 849.1618554771275  Iteration: 113
0 34 46 52 27 45 29 5 15 57 13 0
0 64 42 41 43 1 73 62 22 61 28 74 0
0 58 72 39 9 32 44 3 16 63 33 0
0 48 47 36 37 20 70 60 71 69 21 30 0
0 4 75 68 6 51 17 40 12 26 0
0 10 38 65 11 66 59 0
0 8 35 19 54 14 53 7 67 0
0 56 23 49 24 18 50 25 55 31 2 0
========================================================
========================================================
Solution for: E-n76-k8
Total time: 45.83970832824707   Solution cost: 858.6796876656097  Iteration: 160
0 75 68 6 51 17 40 12 26 67 0
0 29 45 27 52 34 46 8 7 35 53 0
0 31 10 58 72 39 9 32 44 3 0
0 30 74 28 62 73 1 43 41 42 64 0
0 55 25 50 18 24 49 23 56 16 63 33 0
0 69 36 71 60 70 20 37 5 15 57 13 54 19 0
0 38 65 11 66 59 14 0
0 47 21 61 22 2 48 4 0
========================================================
========================================================
Solution for: E-n76-k8
Total time: 17.94164538383484   Solution cost: 841.2288985443327  Iteration: 63
0 67 26 12 40 17 51 6 68 75 0
0 8 46 34 52 27 45 29 48 47 0
0 69 36 71 60 70 20 37 5 15 57 13 54 19 35 0
0 23 56 41 43 42 64 22 1 73 33 63 0
0 32 44 3 16 49 24 18 50 25 55 0
0 7 53 14 59 11 66 65 0
0 4 30 2 74 28 62 61 21 0
0 58 72 39 9 31 10 38 0
========================================================
========================================================
Solution for: E-n76-k8
Total time: 20.074296951293945   Solution cost: 839.0660795962797  Iteration: 71
0 25 55 31 10 58 72 39 9 32 0
0 33 73 1 43 41 42 64 22 61 28 0
0 67 26 12 40 17 51 6 68 75 0
0 48 5 37 20 70 60 71 36 69 47 21 0
0 52 27 45 29 30 74 2 4 0
0 15 57 13 54 19 14 59 66 0
0 63 16 3 44 50 18 24 49 23 56 62 0
0 65 38 11 53 7 35 8 46 34 0
========================================================
========================================================
Solution for: E-n76-k8
Total time: 30.188228368759155   Solution cost: 845.5353668162468  Iteration: 107
0 11 66 65 38 10 58 72 39 0
0 56 23 49 24 18 50 25 55 31 9 0
0 57 15 5 37 20 70 60 71 69 36 47 21 0
0 61 22 64 42 41 43 1 73 62 28 74 0
0 26 67 34 46 52 27 13 54 19 0
0 2 30 48 29 45 4 75 68 0
0 3 44 32 16 63 33 6 51 17 0
0 35 8 7 53 14 59 12 40 0
========================================================

======================================================================================================================================

========================================================
Solution for: E-n76-k10
Total time: 20.900009632110596   Solution cost: 950.3226028435433  Iteration: 71
0 33 73 62 28 74 48 29 0
0 67 26 12 40 17 51 0
0 49 24 18 50 25 55 31 10 0
0 23 56 43 41 42 64 22 1 0
0 54 13 57 15 5 37 20 70 60 71 0
0 72 39 9 32 44 3 16 63 0
0 11 53 14 19 52 0
0 8 46 34 27 45 4 0
0 35 7 38 65 66 59 58 0
0 61 69 36 47 21 30 2 0
0 6 68 75 0
========================================================
========================================================
Solution for: E-n76-k10
Total time: 36.854573011398315   Solution cost: 961.1913513631412  Iteration: 125
0 10 38 65 11 66 0
0 23 56 41 42 43 1 73 62 0
0 39 9 32 44 3 16 63 0
0 27 52 46 34 67 26 0
0 72 58 12 40 17 51 6 68 0
0 19 54 13 57 15 5 48 29 45 0
0 2 30 74 28 21 47 0
0 64 22 61 69 71 60 70 20 37 36 0
0 8 35 7 53 14 59 0
0 33 24 49 18 50 25 55 31 0
0 75 4 0
========================================================
========================================================
Solution for: E-n76-k10
Total time: 39.27507162094116   Solution cost: 954.2099545947849  Iteration: 137
0 47 21 74 28 62 73 33 0
0 59 14 53 7 35 8 0
0 37 20 70 60 71 69 36 5 29 45 0
0 49 24 18 50 32 44 3 0
0 38 65 66 11 19 54 0
0 31 10 58 72 39 9 25 55 0
0 46 34 52 27 13 57 15 48 0
0 41 42 64 22 61 30 2 0
0 12 40 17 51 6 68 75 0
0 16 63 23 56 43 1 4 0
0 67 26 0
========================================================
========================================================
Solution for: E-n76-k10
Total time: 34.31028890609741   Solution cost: 961.1598566985409  Iteration: 119
0 50 18 55 25 32 44 3 16 0
0 47 48 30 74 28 62 73 0
0 22 61 64 42 41 43 1 0
0 53 14 59 66 65 0
0 12 40 17 51 6 68 75 0
0 21 69 36 71 60 70 20 37 5 0
0 45 29 15 57 13 54 19 8 35 7 0
0 11 38 10 58 72 39 0
0 31 9 26 67 34 0
0 2 33 63 23 56 24 49 0
0 4 27 52 46 0
========================================================
========================================================
Solution for: E-n76-k10
Total time: 34.18365812301636   Solution cost: 953.3220430764501  Iteration: 106
0 72 58 10 31 55 25 50 18 0
0 38 65 66 11 53 0
0 57 15 37 20 70 60 71 36 69 21 0
0 34 46 8 35 7 67 26 0
0 12 40 17 51 6 68 75 0
0 4 45 29 5 48 47 0
0 27 52 13 54 19 14 59 0
0 39 9 32 44 3 16 63 0
0 42 41 43 1 73 62 28 74 0
0 24 49 23 56 64 22 61 0
0 2 30 33 0
========================================================
========================================================
Solution for: E-n76-k10
Total time: 21.751508951187134   Solution cost: 965.580005214293  Iteration: 69
0 59 66 11 65 38 0
0 19 54 13 57 15 37 20 70 60 71 36 0
0 41 42 43 1 73 33 63 16 3 0
0 4 75 68 6 51 17 26 0
0 58 72 39 9 25 55 31 10 0
0 32 44 40 12 67 0
0 30 45 29 5 47 21 74 0
0 50 18 24 49 23 56 64 22 0
0 2 62 28 61 69 48 27 0
0 14 53 35 7 8 46 34 0
0 52 0
========================================================
========================================================
Solution for: E-n76-k10
Total time: 45.89787244796753   Solution cost: 969.4544868495345  Iteration: 149
0 4 75 68 6 51 17 0
0 33 63 16 3 44 32 0
0 1 73 62 28 74 2 30 0
0 54 13 57 15 5 48 29 45 0
0 22 61 64 42 41 43 56 23 49 0
0 7 35 8 19 59 14 53 0
0 26 67 34 46 52 27 0
0 38 65 66 11 10 0
0 47 21 69 36 71 60 70 20 37 0
0 12 40 9 39 72 58 50 0
0 24 18 55 25 31 0
========================================================
========================================================
Solution for: E-n76-k10
Total time: 43.749990463256836   Solution cost: 946.3857449734338  Iteration: 139
0 57 15 5 29 45 27 52 34 0
0 48 47 36 69 71 60 70 20 37 74 0
0 43 41 42 64 22 62 73 33 0
0 53 11 66 65 38 0
0 44 3 16 63 1 2 30 0
0 17 51 6 68 75 4 0
0 59 14 19 54 13 67 0
0 56 23 49 24 18 50 32 0
0 39 9 25 55 31 10 58 72 0
0 46 8 35 7 26 12 40 0
0 28 61 21 0
========================================================
========================================================
Solution for: E-n76-k10
Total time: 36.48939561843872   Solution cost: 966.9393625514747  Iteration: 115
0 34 46 8 35 7 53 14 0
0 67 26 12 40 17 51 0
0 68 75 4 30 74 28 62 0
0 15 57 13 54 19 52 27 45 29 0
0 58 72 39 9 32 44 3 0
0 21 69 36 71 60 70 20 37 5 0
0 23 56 43 42 41 64 22 61 0
0 48 47 2 33 63 16 0
0 38 65 66 11 59 0
0 49 24 18 50 25 55 31 10 0
0 6 73 1 0
========================================================
========================================================
Solution for: E-n76-k10
Total time: 35.00958323478699   Solution cost: 961.8204318531851  Iteration: 117
0 28 61 21 47 48 5 0
0 4 75 68 6 2 30 74 0
0 18 50 25 55 31 10 58 72 0
0 8 35 7 53 14 19 54 13 0
0 65 38 11 66 59 0
0 49 24 23 56 43 41 42 64 0
0 9 39 40 12 17 51 0
0 32 44 3 16 63 33 73 62 0
0 29 45 27 52 34 46 0
0 1 22 69 36 71 60 70 20 37 15 57 0
0 26 67 0
========================================================

======================================================================================================================================

========================================================
Solution for: E-n101-k8
Total time: 35.963340282440186   Solution cost: 1012.1957191664085  Iteration: 76
0 13 95 97 87 2 57 15 43 42 14 44 16 61 0
0 18 83 60 5 84 17 45 8 82 7 48 47 36 0
0 33 81 51 9 71 35 34 78 79 3 77 76 50 1 69 0
0 70 30 20 66 65 32 90 63 11 19 64 49 46 89 0
0 26 12 80 68 29 24 54 55 25 39 56 75 74 0
0 41 22 23 67 4 72 73 21 28 53 58 40 0
0 93 85 91 100 37 98 92 59 99 96 94 6 0
0 27 52 31 88 62 10 38 86 0
========================================================
========================================================
Solution for: E-n101-k8
Total time: 60.86294984817505   Solution cost: 977.5067741537648  Iteration: 145
0 41 22 74 75 56 39 25 55 4 54 24 29 68 80 0
0 58 40 21 73 72 23 67 26 12 76 77 0
0 5 84 17 45 8 46 47 36 49 64 11 19 48 0
0 69 1 50 70 30 32 90 63 10 62 31 88 7 82 83 60 0
0 3 79 78 34 35 71 65 66 20 51 9 81 33 0
0 15 43 42 87 97 95 94 6 96 99 59 92 98 37 100 91 0
0 85 93 61 16 86 44 14 38 57 2 0
0 18 52 89 13 53 28 27 0
========================================================
========================================================
Solution for: E-n101-k8
Total time: 31.194536924362183   Solution cost: 1021.0819960335617  Iteration: 73
0 21 73 72 74 22 41 23 67 39 56 75 0
0 81 33 79 3 77 76 50 1 69 27 28 53 58 0
0 17 84 5 60 83 18 89 6 94 95 97 87 42 43 15 57 2 0
0 59 92 37 98 100 91 85 93 99 96 61 16 44 0
0 25 55 4 54 24 29 80 68 12 26 40 13 0
0 20 66 65 71 35 34 78 9 51 30 70 31 88 0
0 52 7 82 48 47 19 11 63 90 32 10 62 0
0 45 8 46 36 49 64 86 38 14 0
========================================================
========================================================
Solution for: E-n101-k8
Total time: 52.32574105262756   Solution cost: 1016.5741057234706  Iteration: 125
0 98 37 100 91 85 61 16 86 44 14 38 0
0 33 81 34 78 79 3 77 76 50 1 69 27 28 53 0
0 46 8 45 17 84 5 60 83 18 52 89 6 96 99 59 92 95 97 0
0 72 73 21 4 25 55 54 24 29 68 80 12 26 40 0
0 13 94 93 87 2 57 15 43 42 41 22 74 75 56 0
0 70 30 20 51 9 65 35 71 66 32 90 63 11 19 0
0 10 62 88 31 7 82 48 47 36 49 64 0
0 39 67 23 58 0
========================================================
========================================================
Solution for: E-n101-k8
Total time: 56.66714930534363   Solution cost: 991.5961832108771  Iteration: 133
0 78 34 81 33 51 9 71 35 65 66 20 30 70 10 0
0 32 90 63 64 49 36 47 46 8 45 83 60 18 52 89 6 0
0 29 24 55 25 4 39 56 75 22 74 72 73 21 40 58 0
0 69 1 50 76 77 3 79 12 26 28 27 53 13 0
0 5 84 17 61 16 86 38 14 44 91 100 37 98 92 0
0 2 57 42 15 43 41 23 67 54 80 68 88 31 0
0 95 94 96 99 59 93 85 97 87 0
0 62 11 19 48 82 7 0
========================================================
========================================================
Solution for: E-n101-k8
Total time: 30.077375411987305   Solution cost: 974.1122947362311  Iteration: 71
0 4 72 74 22 41 15 43 42 57 2 87 97 92 59 99 96 6 0
0 34 78 81 33 51 9 71 35 65 66 20 30 70 10 0
0 53 28 27 69 1 50 76 77 3 79 29 24 80 68 0
0 8 46 45 83 60 5 84 17 86 44 14 38 16 61 0
0 88 31 7 82 48 47 36 49 64 11 63 90 0
0 26 12 54 55 25 67 39 56 75 23 73 21 40 0
0 98 37 100 91 85 93 95 94 13 58 0
0 89 52 18 62 19 32 0
========================================================
========================================================
Solution for: E-n101-k8
Total time: 61.139528036117554   Solution cost: 1016.54105421573  Iteration: 58
0 13 96 99 59 92 97 95 94 6 89 52 18 83 60 0
0 46 36 49 64 11 19 47 48 82 8 45 17 84 0
0 74 75 56 39 67 23 41 22 2 57 87 42 43 15 0
0 26 12 80 68 29 24 54 55 25 4 72 73 21 40 0
0 65 66 20 51 9 71 35 34 78 79 3 77 76 50 0
0 81 33 1 69 31 88 7 62 10 70 30 32 90 63 0
0 98 37 100 91 85 93 5 58 53 28 27 0
0 16 61 86 44 14 38 0
========================================================
========================================================
Solution for: E-n101-k8
Total time: 42.71001672744751   Solution cost: 1015.6816914696456  Iteration: 61
0 51 9 81 33 79 3 77 76 50 1 69 31 88 7 0
0 16 61 85 91 100 37 98 93 99 96 59 92 97 0
0 90 32 10 62 19 11 63 64 49 36 47 0
0 28 27 53 58 40 26 12 80 68 29 24 54 4 0
0 70 30 20 66 65 71 35 34 78 55 25 39 56 75 0
0 67 23 41 22 74 72 73 21 2 57 15 43 42 87 0
0 8 82 48 46 45 17 84 5 60 83 18 52 89 6 94 0
0 13 95 44 14 38 86 0
========================================================
========================================================
Solution for: E-n101-k8
Total time: 34.11743783950806   Solution cost: 1013.9517217188641  Iteration: 77
0 7 82 48 47 36 49 64 63 90 32 30 70 0
0 59 99 96 94 95 97 92 37 98 93 85 91 0
0 100 61 16 86 38 44 14 43 15 57 2 87 42 0
0 68 80 54 4 55 25 67 23 39 56 75 0
0 6 89 18 52 31 88 62 10 11 19 46 8 45 17 84 5 0
0 66 20 51 9 81 33 79 3 77 76 50 1 69 0
0 27 28 53 58 40 21 73 72 74 22 41 13 26 0
0 60 83 12 24 29 78 34 35 71 65 0
========================================================
========================================================
Solution for: E-n101-k8
Total time: 60.87882924079895   Solution cost: 991.5459234203531  Iteration: 138
0 26 12 68 80 29 24 54 25 55 4 56 75 74 72 0
0 39 67 23 41 22 73 21 40 58 53 28 0
0 77 3 79 33 81 78 34 35 71 9 51 20 30 70 0
0 98 37 100 91 85 93 59 92 97 95 94 6 0
0 27 52 18 83 60 5 84 17 45 8 46 47 36 49 64 63 90 0
0 99 96 61 16 86 38 14 44 13 2 57 15 43 42 0
0 65 66 32 10 62 11 19 48 82 7 88 0
0 50 76 69 1 31 89 87 0
========================================================

======================================================================================================================================

========================================================
Solution for: E-n101-k14
Total time: 27.924370765686035   Solution cost: 1296.9614510147685  Iteration: 65
0 20 66 65 9 71 35 34 78 0
0 32 90 63 11 19 48 0
0 83 60 5 84 17 45 8 82 7 88 0
0 15 57 42 43 37 98 92 59 99 96 0
0 44 14 38 86 16 0
0 70 30 51 33 81 50 1 69 0
0 46 36 47 49 64 62 10 0
0 72 73 21 22 41 75 56 0
0 61 85 91 100 93 0
0 79 3 77 76 12 26 40 0
0 95 97 87 2 13 6 0
0 54 80 68 29 24 25 55 4 0
0 89 18 52 31 28 27 53 0
0 67 39 23 74 58 0
0 94 0
========================================================
========================================================
Solution for: E-n101-k14
Total time: 60.90221166610718   Solution cost: 1263.3684739117837  Iteration: 141
0 48 47 46 36 49 64 0
0 51 9 71 35 65 66 20 0
0 96 99 59 92 95 97 87 0
0 56 75 23 67 39 0
0 19 11 63 90 32 10 62 88 0
0 34 78 79 3 77 76 50 1 69 0
0 29 24 54 25 55 4 21 73 72 74 0
0 52 18 83 60 5 84 17 45 8 82 0
0 42 43 15 57 2 13 94 6 89 0
0 93 98 37 100 91 85 61 0
0 33 81 68 80 12 0
0 86 16 44 14 38 0
0 53 28 27 7 31 70 30 0
0 40 58 26 41 22 0
========================================================
========================================================
Solution for: E-n101-k14
Total time: 56.09524440765381   Solution cost: 1260.5946626502644  Iteration: 132
0 56 75 23 67 39 0
0 24 29 68 80 54 4 25 55 0
0 82 8 45 17 84 5 60 83 18 52 0
0 61 85 91 100 98 37 92 0
0 19 11 62 10 31 88 7 0
0 58 40 21 73 72 74 22 41 2 0
0 79 3 77 76 50 1 69 27 0
0 78 34 81 33 9 51 20 30 0
0 47 36 49 64 63 90 32 70 0
0 44 14 38 86 16 0
0 48 46 96 99 93 59 0
0 65 35 71 66 12 26 0
0 57 15 43 42 87 97 95 94 0
0 6 89 13 53 28 0
========================================================
========================================================
Solution for: E-n101-k14
Total time: 45.72061538696289   Solution cost: 1264.9532007900073  Iteration: 103
0 79 3 77 76 50 1 69 27 0
0 46 47 36 49 64 63 90 32 0
0 62 10 30 70 31 88 7 0
0 26 12 80 68 54 55 25 0
0 97 95 92 59 99 96 94 6 0
0 39 67 23 56 75 0
0 21 73 72 74 22 41 57 2 0
0 11 19 48 82 8 45 17 0
0 18 83 60 5 84 61 16 0
0 4 24 29 34 78 81 33 51 9 0
0 100 91 85 93 98 37 0
0 44 14 38 86 42 43 15 0
0 35 71 65 66 20 28 53 0
0 52 89 13 58 40 87 0
========================================================
========================================================
Solution for: E-n101-k14
Total time: 44.962624311447144   Solution cost: 1283.2326000731591  Iteration: 106
0 100 91 44 14 38 86 0
0 32 90 63 11 19 62 10 0
0 5 84 17 45 8 82 7 18 83 60 0
0 6 94 13 95 97 87 0
0 67 23 75 74 22 41 2 0
0 99 96 59 92 37 98 85 0
0 34 78 79 3 77 76 50 1 69 0
0 4 55 25 39 56 21 73 72 0
0 48 47 36 49 64 46 0
0 80 68 29 24 54 12 26 0
0 70 30 20 66 65 71 35 0
0 27 28 53 58 40 52 89 0
0 88 31 51 9 81 33 0
0 15 43 57 61 16 42 93 0
========================================================
========================================================
Solution for: E-n101-k14
Total time: 50.412068367004395   Solution cost: 1272.7878683506437  Iteration: 115
0 30 70 31 88 62 10 0
0 7 82 8 45 17 84 5 60 83 18 0
0 25 55 4 39 67 23 0
0 100 37 98 92 59 96 99 93 0
0 20 66 65 71 35 34 78 0
0 97 95 94 6 89 52 27 0
0 26 12 68 80 54 24 29 0
0 38 86 44 14 42 43 15 0
0 75 56 41 22 74 72 73 21 40 0
0 47 48 46 36 49 64 0
0 69 1 50 76 77 3 79 9 0
0 11 19 63 90 32 51 33 81 0
0 2 57 13 58 53 28 0
0 16 61 85 91 87 0
========================================================
========================================================
Solution for: E-n101-k14
Total time: 47.31022596359253   Solution cost: 1275.0725997545494  Iteration: 112
0 78 34 35 71 66 65 9 0
0 8 45 17 84 5 60 83 18 89 6 0
0 80 68 77 76 50 1 69 0
0 94 95 97 92 59 99 96 0
0 29 24 55 25 4 54 12 26 53 0
0 81 33 79 3 51 20 0
0 98 37 100 91 85 93 61 0
0 41 22 74 72 73 21 40 58 0
0 19 11 63 90 32 10 62 88 0
0 56 75 23 67 39 0
0 46 47 36 49 64 48 0
0 16 86 38 14 44 0
0 57 2 13 87 42 43 15 28 0
0 31 70 30 27 52 7 82 0
========================================================
========================================================
Solution for: E-n101-k14
Total time: 53.399953842163086   Solution cost: 1272.2669674619365  Iteration: 121
0 60 83 18 52 89 6 94 95 97 0
0 69 1 50 76 77 3 79 33 0
0 27 28 26 12 80 68 0
0 41 22 74 72 73 21 40 58 0
0 86 44 14 42 43 15 57 2 0
0 10 70 30 20 51 9 81 0
0 19 11 62 7 82 48 0
0 66 65 71 35 34 78 29 24 0
0 98 37 100 91 85 93 99 0
0 32 90 63 64 49 36 47 46 0
0 61 16 38 5 84 17 45 8 0
0 23 67 39 56 75 0
0 53 13 87 59 92 96 0
0 25 55 4 54 88 31 0
========================================================
========================================================
Solution for: E-n101-k14
Total time: 35.498738050460815   Solution cost: 1285.1284154624768  Iteration: 83
0 19 11 63 90 32 30 70 10 0
0 49 36 47 48 0
0 96 99 59 92 97 95 94 6 0
0 1 69 31 88 7 82 8 45 46 18 0
0 93 85 91 100 37 98 61 0
0 24 29 68 80 12 26 53 0
0 41 22 74 72 73 21 40 58 0
0 5 60 83 84 17 86 16 0
0 27 28 50 76 77 3 79 0
0 78 34 71 35 65 66 20 51 0
0 2 57 15 43 42 14 44 38 0
0 89 52 62 64 9 81 33 0
0 56 75 23 67 39 0
0 25 55 4 54 87 13 0
========================================================
========================================================
Solution for: E-n101-k14
Total time: 47.00775599479675   Solution cost: 1277.7045219093488  Iteration: 108
0 11 19 47 48 82 0
0 80 68 29 24 54 25 55 4 0
0 57 2 41 22 74 72 73 21 40 0
0 37 98 85 93 99 0
0 6 94 95 97 92 59 96 0
0 17 45 46 36 49 64 63 90 32 0
0 89 18 52 27 69 1 50 76 77 0
0 20 30 70 31 88 7 62 10 0
0 60 83 8 61 16 86 44 0
0 66 65 71 35 34 78 79 0
0 87 42 43 15 13 53 28 0
0 23 67 39 56 75 0
0 51 9 81 33 3 26 12 0
0 38 14 100 91 5 84 58 0
========================================================

======================================================================================================================================

