========================================================
Solution for: E-n22-k4
Total time: 18.74864435195923   Solution cost: 424.42605442516043  Iteration: 40
0 12 15 17 14 16 0
0 10 4 3 11 13 0
0 1 2 7 9 5 6 8 0
0 18 20 21 19 0
========================================================
========================================================
Solution for: E-n22-k4
Total time: 18.986568450927734   Solution cost: 463.732647905604  Iteration: 37
0 3 4 7 2 1 8 6 0
0 13 11 10 5 9 0
0 16 20 18 15 0
0 19 21 17 14 12 0
========================================================
========================================================
Solution for: E-n22-k4
Total time: 18.998029708862305   Solution cost: 449.19099018944576  Iteration: 36
0 19 21 16 14 0
0 12 15 18 20 17 0
0 6 10 1 2 5 9 0
0 11 3 4 7 8 13 0
========================================================
========================================================
Solution for: E-n22-k4
Total time: 18.767741680145264   Solution cost: 463.02695509142404  Iteration: 37
0 11 13 19 21 14 0
0 10 7 9 1 2 3 4 8 0
0 16 20 18 17 0
0 12 15 5 6 0
========================================================
========================================================
Solution for: E-n22-k4
Total time: 18.783693075180054   Solution cost: 441.66036907175976  Iteration: 36
0 12 15 20 18 17 0
0 11 8 3 4 6 13 0
0 5 7 2 1 9 10 0
0 14 21 19 16 0
========================================================
========================================================
Solution for: E-n22-k4
Total time: 19.022650957107544   Solution cost: 456.262542877139  Iteration: 36
0 8 7 1 2 5 9 0
0 12 15 17 20 18 0
0 13 10 11 3 4 6 14 0
0 21 19 16 0
========================================================
========================================================
Solution for: E-n22-k4
Total time: 18.846001625061035   Solution cost: 442.9513043188065  Iteration: 34
0 16 11 4 3 8 6 0
0 12 15 20 17 18 0
0 14 21 19 13 0
0 5 2 1 9 7 10 0
========================================================
========================================================
Solution for: E-n22-k4
Total time: 18.97354245185852   Solution cost: 460.35499722772795  Iteration: 36
0 11 6 1 2 4 3 0
0 10 9 5 7 12 0
0 15 18 20 16 14 0
0 17 19 21 13 8 0
========================================================
========================================================
Solution for: E-n22-k4
Total time: 18.733318328857422   Solution cost: 443.5956980785091  Iteration: 37
0 4 3 2 1 6 8 12 0
0 10 9 5 7 11 0
0 16 13 19 0
0 14 15 18 20 17 21 0
========================================================
========================================================
Solution for: E-n22-k4
Total time: 18.7539803981781   Solution cost: 452.84502790525494  Iteration: 37
0 15 16 20 18 0
0 11 6 8 2 1 4 3 0
0 13 19 21 17 14 0
0 10 5 9 7 12 0
========================================================

======================================================================================================================================

========================================================
Solution for: E-n33-k4
Total time: 28.67219090461731   Solution cost: 1139.6596095511843  Iteration: 40
0 1 26 27 28 16 29 15 0
0 31 17 23 19 30 4 5 9 0
0 14 24 25 21 20 22 13 18 10 2 0
0 3 12 8 32 7 6 11 0
========================================================
========================================================
Solution for: E-n33-k4
Total time: 28.513200521469116   Solution cost: 1123.9880735036486  Iteration: 39
0 30 31 17 28 16 27 29 0
0 1 32 7 13 15 25 18 21 9 2 12 0
0 3 11 10 14 24 20 19 6 5 4 0
0 26 23 22 8 0
========================================================
========================================================
Solution for: E-n33-k4
Total time: 28.703917503356934   Solution cost: 1118.3212494764762  Iteration: 40
0 3 4 6 5 2 31 10 32 21 29 0
0 30 26 11 0
0 12 9 8 13 15 27 28 16 24 23 22 20 0
0 7 19 18 25 17 14 1 0
========================================================
========================================================
Solution for: E-n33-k4
Total time: 28.66631507873535   Solution cost: 1136.9523527432095  Iteration: 41
0 5 13 16 22 23 24 20 21 19 18 10 9 1 2 0
0 3 4 6 11 14 15 17 27 29 0
0 26 8 7 32 0
0 31 30 25 28 12 0
========================================================
========================================================
Solution for: E-n33-k4
Total time: 28.126927614212036   Solution cost: 1113.774700138594  Iteration: 40
0 5 32 10 22 23 20 1 7 6 0
0 4 8 19 18 25 13 31 11 0
0 3 9 14 15 17 27 16 29 30 0
0 28 26 21 24 12 2 0
========================================================
========================================================
Solution for: E-n33-k4
Total time: 28.364052772521973   Solution cost: 1132.9850540582415  Iteration: 31
0 8 7 13 9 21 10 11 12 4 0
0 1 18 17 26 27 25 0
0 3 5 32 14 15 19 22 24 23 20 0
0 30 2 6 31 29 16 28 0
========================================================
========================================================
Solution for: E-n33-k4
Total time: 28.43851375579834   Solution cost: 1157.3587023235007  Iteration: 40
0 3 12 28 32 11 21 22 20 19 1 0
0 14 17 24 23 25 18 8 5 6 13 0
0 30 29 16 15 9 10 7 0
0 4 2 26 27 31 0
========================================================
========================================================
Solution for: E-n33-k4
Total time: 28.25544810295105   Solution cost: 1157.451573285769  Iteration: 39
0 1 25 21 19 22 23 20 4 0
0 26 28 16 24 27 13 15 12 5 0
0 32 18 14 17 29 30 3 0
0 8 9 7 31 10 6 2 11 0
========================================================
========================================================
Solution for: E-n33-k4
Total time: 28.462126970291138   Solution cost: 1131.088098033224  Iteration: 34
0 3 32 17 24 20 22 18 19 15 9 8 12 2 0
0 29 27 28 31 11 6 10 4 0
0 30 14 5 7 1 13 0
0 25 21 23 26 16 0
========================================================
========================================================
Solution for: E-n33-k4
Total time: 28.13915491104126   Solution cost: 1163.7518744872018  Iteration: 29
0 11 21 20 23 26 2 12 0
0 1 28 29 27 16 24 19 18 6 10 22 17 0
0 4 5 31 14 32 9 13 3 0
0 30 25 15 8 7 0
========================================================

======================================================================================================================================

========================================================
Solution for: E-n51-k5
Total time: 43.767183780670166   Solution cost: 1219.8533497746466  Iteration: 39
0 11 33 18 34 16 29 35 26 0
0 27 28 2 22 3 8 20 30 0
0 13 14 43 24 36 31 10 44 25 50 21 45 0
0 9 46 38 39 49 32 48 7 23 12 0
0 1 6 47 4 42 41 19 5 15 17 37 40 0
========================================================
========================================================
Solution for: E-n51-k5
Total time: 44.28286027908325   Solution cost: 1165.9225788044114  Iteration: 41
0 11 29 35 16 9 20 21 41 13 0
0 44 15 38 39 50 19 6 47 25 43 26 0
0 14 24 18 48 3 36 2 27 0
0 23 7 28 31 8 32 12 46 45 40 42 0
0 5 22 30 17 4 37 49 10 33 1 34 0
========================================================
========================================================
Solution for: E-n51-k5
Total time: 43.999287366867065   Solution cost: 1218.0392638447404  Iteration: 40
0 30 21 3 8 36 28 31 27 9 35 26 0
0 13 4 17 40 19 48 22 6 43 41 5 0
0 42 50 11 33 15 37 44 25 0
0 18 45 39 10 2 49 38 29 1 32 0
0 12 16 24 7 23 20 34 46 0
0 47 14 0
========================================================
========================================================
Solution for: E-n51-k5
Total time: 44.10819888114929   Solution cost: 1125.499275150344  Iteration: 42
0 30 49 37 27 50 15 44 45 40 22 1 5 0
0 41 19 42 39 9 14 7 24 23 46 0
0 12 47 13 25 18 0
0 38 6 48 43 28 33 17 34 21 11 4 0
0 3 35 36 20 29 31 26 8 32 2 0
0 16 10 0
========================================================
========================================================
Solution for: E-n51-k5
Total time: 44.17265748977661   Solution cost: 1181.124995728464  Iteration: 42
0 47 11 22 2 21 16 3 1 8 46 0
0 37 23 27 45 33 28 34 39 15 5 0
0 44 41 42 17 40 19 4 31 24 18 0
0 6 26 14 43 7 32 49 9 10 29 50 0
0 12 38 13 30 36 35 20 48 0
0 25 0
========================================================
========================================================
Solution for: E-n51-k5
Total time: 43.48368263244629   Solution cost: 1174.4149828097522  Iteration: 41
0 46 45 21 3 9 10 33 39 8 14 1 27 0
0 4 20 11 49 16 30 12 38 0
0 50 34 36 32 29 26 43 48 25 15 17 42 40 0
0 24 13 18 19 41 47 37 44 0
0 28 31 35 2 22 5 7 23 6 0
========================================================
========================================================
Solution for: E-n51-k5
Total time: 43.388060569763184   Solution cost: 1210.9672825925236  Iteration: 40
0 41 43 24 48 27 8 7 22 29 9 0
0 47 18 19 13 30 44 42 0
0 49 21 16 34 32 38 45 39 37 5 0
0 2 33 4 15 10 40 25 46 1 12 0
0 6 26 31 20 3 11 36 35 50 23 28 0
0 17 14 0
========================================================
========================================================
Solution for: E-n51-k5
Total time: 43.752524852752686   Solution cost: 1263.7750225073005  Iteration: 40
0 18 5 19 15 9 40 41 45 10 39 0
0 22 30 42 44 14 12 47 33 0
0 31 3 2 17 24 23 8 7 43 36 32 0
0 48 35 28 26 6 1 25 13 4 49 0
0 11 29 20 46 37 34 38 21 50 27 16 0
========================================================
========================================================
Solution for: E-n51-k5
Total time: 44.057228565216064   Solution cost: 1183.2867105203397  Iteration: 41
0 8 3 7 29 36 35 49 39 34 28 0
0 45 10 19 15 5 38 50 30 2 20 0
0 23 22 32 12 18 13 44 37 0
0 48 6 46 33 24 25 14 4 17 31 26 43 0
0 1 11 9 21 16 41 47 40 42 27 0
========================================================
========================================================
Solution for: E-n51-k5
Total time: 43.78882169723511   Solution cost: 1179.8863149346948  Iteration: 41
0 1 16 3 20 35 43 5 46 26 24 27 0
0 50 38 11 9 23 25 28 31 8 29 36 0
0 10 15 18 4 17 33 14 7 48 0
0 49 30 44 45 39 22 37 21 34 2 0
0 6 47 12 40 41 13 19 42 32 0
========================================================

======================================================================================================================================

========================================================
Solution for: E-n76-k8
Total time: 64.70761251449585   Solution cost: 1933.6891397532277  Iteration: 41
0 38 9 40 33 46 7 3 49 0
0 75 28 63 73 23 24 43 69 5 36 52 0
0 50 48 71 70 60 57 37 29 41 56 64 0
0 2 42 17 58 10 25 11 0
0 14 66 59 53 8 62 27 13 0
0 61 30 47 68 22 1 20 44 16 65 74 0
0 18 12 32 6 19 35 31 4 45 0
0 21 26 39 55 54 72 34 15 67 51 0
========================================================
========================================================
Solution for: E-n76-k8
Total time: 65.57204103469849   Solution cost: 2001.3141858309168  Iteration: 41
0 30 45 5 48 70 43 26 8 67 72 0
0 15 73 54 20 37 47 35 60 36 44 51 0
0 66 40 62 18 69 21 61 13 57 0
0 19 14 16 1 49 22 4 50 46 0
0 41 64 56 42 32 3 63 55 25 39 29 0
0 75 27 74 7 34 52 23 24 28 68 0
0 11 38 58 59 10 71 17 0
0 33 6 12 2 9 53 65 31 0
========================================================
========================================================
Solution for: E-n76-k8
Total time: 65.1988377571106   Solution cost: 1999.8931914647337  Iteration: 41
0 5 70 12 9 6 2 21 50 0
0 34 19 27 62 64 45 60 48 22 23 42 0
0 74 36 20 47 49 63 43 41 39 65 37 28 0
0 30 57 10 44 25 24 55 51 75 17 0
0 13 54 73 61 7 71 69 72 31 8 53 40 0
0 32 35 11 58 68 56 1 16 0
0 52 33 3 26 15 14 59 66 0
0 46 38 67 29 4 18 0
========================================================
========================================================
Solution for: E-n76-k8
Total time: 65.00289821624756   Solution cost: 1945.2947242728553  Iteration: 38
0 2 66 14 65 58 10 53 0
0 41 51 7 9 50 12 32 3 72 39 0
0 17 54 22 40 44 73 42 49 55 19 67 0
0 52 5 23 16 13 15 75 29 43 74 69 60 0
0 34 8 46 25 31 59 35 11 0
0 30 4 48 63 1 24 71 37 70 0
0 28 21 36 20 33 38 45 61 0
0 6 68 27 57 26 18 62 64 56 0
0 47 0
========================================================
========================================================
Solution for: E-n76-k8
Total time: 65.2295458316803   Solution cost: 1966.6386350907574  Iteration: 39
0 17 32 10 31 46 4 70 0
0 62 56 23 49 35 14 11 52 48 0
0 63 73 2 21 15 37 5 36 65 66 0
0 58 39 22 55 54 13 7 40 1 72 0
0 67 8 59 25 12 29 71 60 69 28 0
0 16 27 47 61 64 75 42 43 6 3 0
0 34 57 41 51 44 74 53 38 9 0
0 45 20 50 18 26 68 30 33 19 0
0 24 0
========================================================
========================================================
Solution for: E-n76-k8
Total time: 66.35191559791565   Solution cost: 1998.27732810386  Iteration: 43
0 17 27 29 42 49 50 51 61 69 21 0
0 67 73 20 55 65 11 5 14 63 0
0 7 35 66 12 25 47 45 68 2 0
0 59 54 44 71 48 30 74 56 23 6 0
0 33 9 10 32 31 53 34 0
0 75 36 38 26 28 22 1 19 15 0
0 4 8 46 57 60 62 16 41 64 0
0 52 70 13 72 58 39 40 18 24 3 0
0 43 37 0
========================================================
========================================================
Solution for: E-n76-k8
Total time: 64.99319386482239   Solution cost: 1910.7624797393598  Iteration: 34
0 40 68 21 64 69 27 58 39 0
0 30 57 61 25 49 41 28 65 34 66 0
0 26 45 51 50 73 23 63 44 33 43 70 71 0
0 24 9 32 19 13 47 74 1 16 0
0 53 35 4 36 20 15 5 52 29 72 8 0
0 6 75 42 22 37 54 38 11 59 0
0 31 10 14 67 60 48 46 0
0 12 7 2 62 55 18 3 17 56 0
========================================================
========================================================
Solution for: E-n76-k8
Total time: 64.683114528656   Solution cost: 1910.8719964748425  Iteration: 41
0 16 55 58 44 56 33 25 17 26 0
0 21 40 6 66 59 4 0
0 3 62 8 71 30 5 45 35 38 50 65 0
0 46 74 49 23 39 11 10 32 0
0 9 31 72 27 2 63 67 75 52 0
0 34 18 68 7 12 14 53 57 60 13 19 0
0 29 48 41 51 61 43 42 64 22 24 0
0 28 36 69 70 15 54 73 37 20 47 1 0
========================================================
========================================================
Solution for: E-n76-k8
Total time: 66.08544731140137   Solution cost: 1838.6038537616978  Iteration: 44
0 38 59 11 10 40 32 72 0
0 27 66 7 52 60 57 69 70 62 68 0
0 64 21 15 37 48 29 49 3 33 2 0
0 5 61 18 1 43 65 51 46 55 6 75 0
0 4 19 53 45 74 73 36 47 20 26 0
0 63 22 28 13 14 34 35 8 12 71 0
0 56 42 16 24 50 25 39 58 54 0
0 31 9 44 67 41 23 17 30 0
========================================================
========================================================
Solution for: E-n76-k8
Total time: 64.97126078605652   Solution cost: 1939.199194032529  Iteration: 43
0 52 75 67 58 24 9 38 0
0 12 19 65 66 53 18 49 73 62 16 44 0
0 17 36 47 1 28 61 33 6 0
0 21 35 8 32 72 50 55 7 45 23 41 42 0
0 59 13 54 74 22 56 48 71 70 15 57 39 0
0 27 20 5 64 40 63 68 2 0
0 43 3 25 11 4 37 30 34 0
0 26 69 46 10 60 51 31 14 29 0
========================================================

======================================================================================================================================

========================================================
Solution for: E-n76-k10
Total time: 65.9652247428894   Solution cost: 2058.396850988689  Iteration: 42
0 38 42 32 31 10 26 0
0 48 12 60 73 9 44 58 0
0 67 27 35 13 57 14 55 0
0 75 20 70 21 28 4 0
0 30 54 52 17 74 3 37 34 0
0 68 47 36 23 16 49 6 45 2 0
0 64 61 69 5 71 29 40 25 0
0 53 59 66 24 50 0
0 46 63 43 22 56 51 15 0
0 33 1 62 11 41 65 39 0
0 7 19 8 18 72 0
========================================================
========================================================
Solution for: E-n76-k10
Total time: 65.17636275291443   Solution cost: 1928.784918239181  Iteration: 41
0 29 30 75 22 1 6 63 23 74 0
0 58 65 59 26 18 68 51 61 73 0
0 54 19 62 27 5 70 67 35 0
0 34 72 38 39 10 3 50 15 0
0 28 21 20 36 57 0
0 11 31 66 13 46 0
0 44 49 16 40 55 14 53 0
0 17 7 12 25 43 9 8 0
0 56 47 45 71 69 48 60 37 0
0 4 52 33 2 42 0
0 64 41 32 24 0
========================================================
========================================================
Solution for: E-n76-k10
Total time: 66.02181100845337   Solution cost: 2008.3732164627065  Iteration: 41
0 56 62 64 28 6 7 0
0 50 18 9 16 70 30 17 0
0 54 68 12 42 26 40 19 0
0 11 14 52 59 35 0
0 53 38 65 33 2 34 0
0 8 48 71 45 39 31 32 73 0
0 75 66 27 51 24 63 0
0 67 46 3 23 49 44 1 25 22 0
0 43 41 55 72 4 58 15 69 13 0
0 10 74 36 5 37 20 57 29 0
0 61 21 60 47 0
========================================================
========================================================
Solution for: E-n76-k10
Total time: 65.99186730384827   Solution cost: 2037.0575302005  Iteration: 43
0 34 29 62 61 28 42 60 13 0
0 46 12 55 56 64 21 0
0 68 7 23 18 30 22 40 59 0
0 53 32 72 17 39 44 33 69 0
0 6 71 47 52 75 67 0
0 11 31 70 20 15 51 0
0 9 10 66 16 43 49 0
0 4 8 14 37 5 36 63 0
0 58 65 26 48 2 73 1 0
0 24 35 38 54 45 27 19 0
0 57 25 50 3 41 74 0
========================================================
========================================================
Solution for: E-n76-k10
Total time: 64.97733569145203   Solution cost: 1953.9042108479532  Iteration: 41
0 67 65 66 10 26 16 0
0 11 38 25 47 36 30 0
0 56 23 33 49 55 48 45 52 0
0 54 53 7 46 63 4 0
0 40 44 75 1 43 29 57 0
0 20 28 68 2 73 14 0
0 6 22 34 59 58 35 9 0
0 60 37 5 8 13 24 61 27 72 0
0 19 42 64 41 74 12 32 3 0
0 51 17 31 39 50 18 62 70 0
0 15 69 71 21 0
========================================================
========================================================
Solution for: E-n76-k10
Total time: 64.76265931129456   Solution cost: 1902.987910924908  Iteration: 41
0 3 44 72 32 50 38 65 12 0
0 39 33 6 53 67 54 0
0 75 57 69 5 15 73 23 62 10 0
0 17 8 13 60 71 45 21 70 0
0 34 19 40 11 58 0
0 16 74 61 30 51 42 64 0
0 46 43 37 20 36 28 22 0
0 41 56 24 49 68 55 59 26 0
0 27 4 31 25 18 66 0
0 14 52 7 9 1 2 0
0 63 35 48 47 29 0
========================================================
========================================================
Solution for: E-n76-k10
Total time: 64.75245499610901   Solution cost: 1985.345649070277  Iteration: 41
0 36 60 69 37 27 26 67 52 0
0 32 40 25 13 53 10 72 0
0 59 3 49 35 58 56 1 43 0
0 41 62 46 8 63 22 48 45 0
0 34 5 29 20 21 55 9 0
0 57 75 19 54 71 70 38 39 0
0 28 23 24 31 42 74 44 0
0 17 11 65 66 12 18 0
0 51 50 4 6 73 16 33 0
0 47 68 2 61 64 30 7 0
0 14 15 0
========================================================
========================================================
Solution for: E-n76-k10
Total time: 65.9897882938385   Solution cost: 1964.676018917303  Iteration: 42
0 18 24 57 48 68 49 64 29 15 0
0 73 51 43 22 40 39 31 25 0
0 28 63 47 23 41 42 75 60 61 0
0 53 54 35 11 10 9 0
0 13 16 62 74 20 19 44 58 0
0 65 59 14 33 2 0
0 56 32 27 52 66 0
0 1 5 8 21 37 36 69 71 70 0
0 45 34 7 50 12 38 0
0 67 46 4 26 3 55 0
0 17 72 30 6 0
========================================================
========================================================
Solution for: E-n76-k10
Total time: 65.0485098361969   Solution cost: 2048.3846503300656  Iteration: 42
0 70 71 42 22 62 53 68 37 5 0
0 75 2 21 36 47 45 0
0 46 12 10 25 19 8 59 0
0 32 11 65 29 3 30 60 0
0 28 61 1 56 69 35 51 49 0
0 33 48 57 66 14 0
0 67 26 58 40 38 0
0 54 73 64 18 39 24 23 50 0
0 27 7 4 52 74 43 16 0
0 34 55 17 6 41 31 9 0
0 20 15 13 72 63 44 0
========================================================
========================================================
Solution for: E-n76-k10
Total time: 64.87808752059937   Solution cost: 1885.1486054616125  Iteration: 41
0 68 6 38 55 66 49 3 0
0 14 58 10 11 0
0 28 47 64 30 54 45 0
0 15 51 22 50 31 25 24 12 0
0 29 21 9 18 56 0
0 40 2 72 65 44 43 42 16 0
0 67 20 37 36 1 63 26 0
0 59 27 4 73 33 61 75 0
0 48 74 5 71 70 60 69 23 46 52 0
0 32 39 41 62 8 34 19 35 0
0 17 7 57 13 53 0
========================================================

======================================================================================================================================

========================================================
Solution for: E-n101-k8
Total time: 86.1555233001709   Solution cost: 2734.727607422815  Iteration: 43
0 21 27 77 81 62 14 43 67 56 57 31 33 6 0
0 85 11 64 66 1 95 58 48 10 0
0 87 55 44 16 42 83 50 80 13 40 86 91 53 0
0 79 12 4 49 2 3 74 39 73 38 100 92 69 0
0 76 68 54 46 98 99 97 5 25 26 78 47 28 0
0 23 41 51 20 9 30 61 84 8 19 90 36 17 29 34 35 22 0
0 75 60 45 52 18 63 88 71 94 72 15 65 32 24 0
0 82 89 70 7 93 96 59 37 0
========================================================
========================================================
Solution for: E-n101-k8
Total time: 87.48915433883667   Solution cost: 2717.311926208421  Iteration: 44
0 21 80 72 50 88 47 90 65 49 63 32 40 6 0
0 48 59 74 7 83 8 100 42 45 98 30 52 41 60 0
0 85 18 99 12 3 67 77 89 95 94 0
0 9 92 91 86 11 36 93 75 39 23 25 35 33 0
0 31 64 70 28 82 78 17 14 73 57 4 10 51 66 0
0 19 62 68 5 43 15 37 79 20 71 13 0
0 38 16 55 54 29 69 44 46 97 96 2 61 84 22 58 27 0
0 87 56 26 53 24 76 81 1 34 0
========================================================
========================================================
Solution for: E-n101-k8
Total time: 87.62351155281067   Solution cost: 2719.31008715826  Iteration: 44
0 86 23 42 20 82 48 47 80 19 0
0 79 56 39 55 62 49 24 22 84 61 45 89 41 0
0 95 83 38 98 87 67 64 65 1 53 13 96 0
0 27 93 99 69 88 52 68 73 76 70 33 58 100 97 0
0 50 77 34 63 15 3 35 9 29 7 78 71 81 6 26 12 0
0 32 10 46 60 57 2 85 91 5 92 37 14 43 40 74 16 0
0 21 51 44 75 72 4 54 31 17 28 30 25 0
0 11 90 66 36 18 59 94 8 0
========================================================
========================================================
Solution for: E-n101-k8
Total time: 87.24065899848938   Solution cost: 2801.097482315196  Iteration: 44
0 34 75 67 78 81 12 46 89 96 91 61 44 14 8 0
0 73 50 79 65 95 13 58 94 38 17 27 0
0 39 2 80 26 37 100 16 47 45 88 1 30 0
0 9 40 62 69 63 64 49 10 11 54 66 32 70 0
0 52 25 43 6 55 48 20 90 77 28 7 35 84 4 3 24 0
0 85 36 99 41 72 76 68 87 29 71 60 42 15 0
0 19 86 57 59 93 92 5 18 74 22 82 0
0 83 53 97 21 51 31 56 33 23 98 0
========================================================
========================================================
Solution for: E-n101-k8
Total time: 86.53876852989197   Solution cost: 2724.050987736151  Iteration: 44
0 68 78 62 26 77 28 64 63 79 9 10 56 3 0
0 19 61 100 46 45 30 51 24 39 95 13 17 0
0 85 8 88 40 83 53 35 31 27 60 57 50 33 34 36 0
0 76 29 65 5 37 1 18 49 90 70 11 47 69 82 0
0 75 38 14 97 92 59 98 6 84 94 81 66 0
0 43 15 58 86 74 72 25 55 52 48 16 89 0
0 87 4 42 21 12 54 96 67 7 93 2 41 73 20 0
0 44 99 91 23 22 32 71 80 0
========================================================
========================================================
Solution for: E-n101-k8
Total time: 87.32997941970825   Solution cost: 2581.83454437178  Iteration: 45
0 54 63 66 26 56 57 85 38 91 79 18 96 99 0
0 27 43 33 10 19 62 90 3 29 92 84 95 93 13 0
0 32 24 75 87 15 73 25 39 74 45 8 59 0
0 9 34 86 36 80 12 50 58 94 48 64 0
0 70 31 1 28 88 49 46 60 83 5 42 23 21 53 0
0 44 17 61 100 41 67 2 76 30 51 4 97 40 81 0
0 22 72 14 68 6 77 47 11 35 71 7 52 69 0
0 98 55 20 78 65 37 16 82 89 0
========================================================
========================================================
Solution for: E-n101-k8
Total time: 86.07709288597107   Solution cost: 2665.1592382599856  Iteration: 45
0 35 78 72 85 4 13 21 3 98 95 97 0
0 39 6 45 42 14 38 52 60 79 66 30 1 0
0 5 69 7 24 29 32 50 81 89 33 71 56 22 53 0
0 54 77 75 86 80 57 28 76 67 26 55 94 0
0 73 40 12 25 23 43 18 44 15 20 51 65 88 96 100 0
0 34 87 2 74 58 68 37 91 99 59 70 36 31 0
0 49 11 84 16 63 90 82 48 61 46 19 47 17 92 41 0
0 27 9 64 62 8 93 83 10 0
========================================================
========================================================
Solution for: E-n101-k8
Total time: 86.43289637565613   Solution cost: 2678.9286738771584  Iteration: 45
0 49 55 80 100 72 99 70 71 30 81 88 36 47 0
0 37 52 23 67 16 17 94 11 19 46 8 97 95 56 0
0 57 74 15 58 4 29 21 89 68 5 84 43 53 0
0 38 92 42 96 32 90 77 76 65 64 63 18 14 25 24 51 0
0 86 26 60 93 83 91 87 40 35 12 34 41 73 2 0
0 22 78 66 20 6 75 39 1 44 45 69 31 27 0
0 98 85 59 9 28 54 50 13 61 0
0 48 10 33 7 82 62 79 3 0
========================================================
========================================================
Solution for: E-n101-k8
Total time: 87.34620094299316   Solution cost: 2651.668950148656  Iteration: 44
0 87 10 78 3 65 66 47 84 53 77 79 0
0 68 91 1 29 9 35 34 96 86 44 15 99 11 90 0
0 14 13 98 89 25 7 64 82 80 19 48 18 46 0
0 5 39 73 74 42 95 70 32 81 41 17 93 83 60 0
0 71 51 30 31 16 40 85 94 52 0
0 67 58 97 2 63 62 20 54 50 33 22 21 28 76 0
0 57 6 59 75 55 72 56 27 24 23 12 69 36 92 8 0
0 49 88 4 26 100 37 45 43 38 61 0
========================================================
========================================================
Solution for: E-n101-k8
Total time: 86.08843159675598   Solution cost: 2599.605316800121  Iteration: 44
0 79 7 11 94 86 57 44 99 17 62 65 19 0
0 10 74 56 24 20 76 97 42 16 53 50 48 82 18 52 0
0 39 72 61 100 4 45 5 84 95 8 0
0 67 73 40 92 90 70 68 3 33 27 46 85 58 0
0 22 43 31 64 30 60 91 14 38 15 59 75 55 54 0
0 29 9 81 49 47 88 21 78 89 96 26 36 0
0 93 37 98 87 83 13 6 1 41 23 25 51 2 34 69 0
0 12 28 63 66 71 32 77 35 80 0
========================================================

======================================================================================================================================

========================================================
Solution for: E-n101-k14
Total time: 86.21957683563232   Solution cost: 2851.468445937183  Iteration: 43
0 46 65 71 1 40 9 56 75 97 0
0 4 60 85 11 48 0
0 89 98 84 52 18 68 54 0
0 34 20 74 66 63 93 22 0
0 83 82 77 39 17 10 12 0
0 47 99 88 76 5 100 15 0
0 28 3 33 78 80 24 21 25 67 26 0
0 55 16 94 14 27 95 92 0
0 58 73 8 36 19 31 0
0 59 42 57 41 23 53 29 0
0 72 91 87 79 44 0
0 13 37 86 61 38 64 90 0
0 50 35 43 96 62 32 30 0
0 81 51 6 45 49 7 2 70 69 0
========================================================
========================================================
Solution for: E-n101-k14
Total time: 86.8528470993042   Solution cost: 2868.1361351708956  Iteration: 42
0 40 91 86 84 44 99 46 0
0 68 79 54 25 5 0
0 22 28 31 35 66 26 0
0 2 83 97 14 10 15 42 18 0
0 72 4 78 24 65 52 0
0 48 19 9 55 89 21 96 0
0 34 12 69 64 17 95 6 57 45 90 20 0
0 49 47 71 41 38 0
0 67 23 74 30 43 0
0 59 61 87 13 50 0
0 63 88 92 94 85 0
0 39 3 33 1 81 53 0
0 11 7 82 98 73 58 37 93 0
0 100 16 62 51 56 76 29 75 0
0 80 70 32 77 27 8 36 60 0
========================================================
========================================================
Solution for: E-n101-k14
Total time: 86.32077074050903   Solution cost: 2839.234593147743  Iteration: 41
0 1 20 6 75 40 60 59 93 0
0 54 57 18 69 45 19 3 52 0
0 86 16 82 74 67 0
0 27 10 32 70 96 17 48 0
0 28 43 61 62 47 49 0
0 5 31 66 58 80 46 99 0
0 7 97 72 13 36 88 15 0
0 94 44 29 89 77 12 78 0
0 98 95 26 56 41 8 55 22 33 0
0 9 71 90 64 11 30 34 35 51 0
0 14 38 24 25 65 85 0
0 63 79 83 2 87 37 53 0
0 23 39 4 92 84 42 91 100 0
0 73 21 81 76 68 50 0
========================================================
========================================================
Solution for: E-n101-k14
Total time: 87.50437617301941   Solution cost: 2876.85936220715  Iteration: 42
0 98 36 8 59 92 54 6 32 78 24 0
0 88 33 73 14 57 5 97 45 0
0 18 84 41 15 79 46 82 50 31 0
0 4 3 66 62 10 0
0 30 19 71 65 96 81 0
0 64 85 76 72 0
0 23 74 99 93 44 0
0 68 80 34 35 9 20 28 0
0 38 94 53 91 86 16 0
0 2 7 29 49 17 43 22 87 55 25 0
0 12 26 67 40 70 52 42 60 83 0
0 58 1 90 47 77 51 61 0
0 13 100 27 89 48 0
0 56 39 37 21 75 63 11 69 0
0 95 0
========================================================
========================================================
Solution for: E-n101-k14
Total time: 87.44177913665771   Solution cost: 2917.7328665458654  Iteration: 42
0 15 52 92 59 85 16 36 0
0 9 58 71 42 87 55 14 0
0 3 97 38 18 8 62 95 96 0
0 21 73 72 13 5 6 0
0 23 25 33 28 57 4 84 0
0 93 46 98 24 75 56 40 70 81 0
0 34 69 64 61 99 83 7 45 31 0
0 66 29 22 43 17 53 79 78 0
0 47 11 30 88 89 91 94 0
0 32 20 68 76 0
0 48 49 35 65 50 0
0 27 12 39 44 37 41 0
0 26 67 100 60 19 10 80 0
0 86 63 82 77 1 90 74 2 0
0 54 51 0
========================================================
========================================================
Solution for: E-n101-k14
Total time: 87.42847895622253   Solution cost: 2785.3735892438235  Iteration: 42
0 39 1 71 65 33 20 0
0 95 51 66 78 75 67 69 0
0 85 17 53 40 16 98 6 0
0 28 11 46 45 8 89 9 7 83 0
0 62 70 49 81 77 76 0
0 57 13 23 15 61 25 88 0
0 79 55 31 64 36 47 0
0 68 32 63 2 38 0
0 59 30 10 90 97 42 87 0
0 3 35 29 92 22 21 34 4 0
0 86 100 56 80 72 54 0
0 12 14 5 82 24 73 0
0 94 93 91 60 48 18 96 0
0 84 52 26 50 58 44 37 41 99 74 0
0 27 19 43 0
========================================================
========================================================
Solution for: E-n101-k14
Total time: 87.80579566955566   Solution cost: 2758.4427844591537  Iteration: 43
0 50 49 64 30 76 0
0 94 6 52 51 32 48 0
0 77 34 73 20 31 11 82 0
0 39 14 90 71 79 33 7 0
0 69 66 46 100 44 38 16 0
0 67 29 75 27 95 0
0 68 54 42 91 17 89 26 55 60 18 0
0 12 3 25 23 37 43 22 74 0
0 93 21 4 56 1 35 72 80 0
0 61 13 2 10 86 57 96 0
0 40 84 97 45 83 88 47 62 0
0 28 9 15 70 78 87 19 63 99 0
0 53 98 85 59 58 0
0 8 36 5 92 41 65 81 24 0
========================================================
========================================================
Solution for: E-n101-k14
Total time: 86.24263787269592   Solution cost: 2737.0048006357183  Iteration: 43
0 29 24 3 69 65 34 66 0
0 81 76 71 78 79 0
0 48 63 70 9 20 4 10 0
0 40 80 26 46 62 50 2 57 43 45 0
0 75 67 33 86 11 64 0
0 96 5 15 42 27 85 0
0 83 13 77 100 59 54 0
0 87 61 60 19 7 36 55 88 6 89 1 0
0 12 21 22 18 38 91 93 0
0 16 23 68 72 0
0 84 98 47 8 58 92 37 95 52 0
0 25 73 53 82 44 14 97 17 90 0
0 31 32 35 28 99 94 0
0 51 30 49 74 41 56 39 0
========================================================
========================================================
Solution for: E-n101-k14
Total time: 86.49836540222168   Solution cost: 2882.387895103305  Iteration: 42
0 6 44 48 27 12 0
0 67 72 40 58 75 37 99 0
0 36 16 7 96 33 71 65 90 0
0 85 38 59 30 0
0 64 17 100 41 15 83 60 2 93 1 45 0
0 5 73 14 94 42 92 20 51 0
0 43 55 56 53 57 97 86 87 0
0 18 35 54 28 25 22 19 0
0 79 78 69 13 32 49 0
0 10 26 89 70 63 47 46 88 0
0 95 52 62 50 31 91 8 77 0
0 81 39 23 24 0
0 68 9 76 4 74 21 0
0 98 84 11 61 80 66 34 29 3 0
0 82 0
========================================================
========================================================
Solution for: E-n101-k14
Total time: 86.43421196937561   Solution cost: 2841.5652266926504  Iteration: 41
0 76 62 17 36 8 7 77 9 21 73 0
0 82 70 78 18 46 99 93 22 43 74 2 0
0 75 42 6 15 44 80 51 81 0
0 67 95 14 96 94 24 0
0 26 65 56 55 69 64 19 88 100 0
0 27 16 20 89 48 52 0
0 34 1 68 79 47 0
0 3 35 83 91 38 98 59 58 57 0
0 71 66 50 31 11 45 60 0
0 13 40 23 28 54 97 0
0 87 53 72 84 30 0
0 85 61 63 41 39 29 0
0 32 90 49 10 86 0
0 37 92 5 25 4 12 33 0
========================================================

======================================================================================================================================

