

========================================================
Solution for: E-n22-k4
Total time: 4.228098630905151   Solution cost: 404.76935769438654  Iteration: 285
0 10 8 6 3 4 11 0
0 16 19 13 0
0 1 2 5 7 9 0
0 15 18 20 21 17 14 0
0 12 0
========================================================

========================================================
Solution for: E-n22-k4
Total time: 4.1111159324646   Solution cost: 393.2985707768603  Iteration: 298
0 1 2 5 7 9 10 0
0 13 11 4 3 6 8 0
0 12 15 18 14 16 0
0 19 21 20 17 0
========================================================

========================================================
Solution for: E-n22-k4
Total time: 4.079402208328247   Solution cost: 418.50618146767357  Iteration: 294
0 9 7 10 8 6 3 4 11 0
0 13 19 21 17 14 0
0 1 2 5 12 0
0 15 18 20 16 0
========================================================

========================================================
Solution for: E-n22-k4
Total time: 3.8157870769500732   Solution cost: 386.4685048161413  Iteration: 280
0 11 4 3 1 2 6 8 0
0 13 19 21 17 0
0 12 9 5 7 10 0
0 15 18 20 16 14 0
========================================================

========================================================
Solution for: E-n22-k4
Total time: 3.773362874984741   Solution cost: 387.2745406924755  Iteration: 277
0 13 19 21 17 14 0
0 6 1 2 5 7 9 0
0 11 4 3 8 10 12 0
0 16 20 18 15 0
========================================================

========================================================
Solution for: E-n22-k4
Total time: 3.7878029346466064   Solution cost: 402.45538929832793  Iteration: 268
0 17 20 18 15 12 0
0 14 21 19 16 0
0 9 7 5 6 13 0
0 11 4 3 1 2 8 10 0
========================================================

========================================================
Solution for: E-n22-k4
Total time: 4.164589881896973   Solution cost: 399.8940627028545  Iteration: 300
0 10 8 3 4 11 13 0
0 5 2 1 6 7 9 0
0 16 14 18 15 12 0
0 19 21 20 17 0
========================================================

========================================================
Solution for: E-n22-k4
Total time: 4.14923357963562   Solution cost: 386.99302811127654  Iteration: 279
0 14 9 7 5 2 1 6 0
0 12 15 18 20 17 0
0 21 19 16 0
0 13 11 4 3 8 10 0
========================================================

========================================================
Solution for: E-n22-k4
Total time: 3.8797085285186768   Solution cost: 456.44671848967687  Iteration: 262
0 10 7 9 12 15 18 0
0 20 17 21 19 0
0 13 8 6 1 2 5 0
0 16 14 11 4 3 0
========================================================

========================================================
Solution for: E-n22-k4
Total time: 4.41312050819397   Solution cost: 423.0010815183002  Iteration: 292
0 16 20 18 0
0 12 9 5 7 10 0
0 17 21 19 13 0
0 11 4 3 1 2 6 8 0
0 15 14 0
========================================================


======================================================================================================================================
========================================================
Solution for: E-n33-k4
Total time: 10.561177730560303   Solution cost: 890.2641305523789  Iteration: 526
0 13 11 32 8 9 7 6 5 12 2 3 0
0 4 10 18 19 22 24 23 20 21 25 0
0 26 27 16 28 29 0
0 30 31 14 17 15 1 0
========================================================

========================================================
Solution for: E-n33-k4
Total time: 7.108405828475952   Solution cost: 972.1278983970763  Iteration: 346
0 31 14 15 27 28 16 24 23 13 0
0 30 29 26 1 0
0 7 9 8 25 17 11 12 2 0
0 4 5 6 10 18 19 22 20 21 32 3 0
========================================================

========================================================
Solution for: E-n33-k4
Total time: 6.596204519271851   Solution cost: 947.7408074620868  Iteration: 327
0 13 21 20 23 24 22 32 7 4 0
0 14 26 15 1 3 0
0 11 18 19 25 17 10 9 8 6 5 12 2 0
0 31 27 16 28 29 30 0
========================================================

========================================================
Solution for: E-n33-k4
Total time: 7.364579677581787   Solution cost: 947.6648992412497  Iteration: 370
0 5 6 7 8 9 21 20 22 23 24 15 0
0 26 25 17 14 0
0 4 2 12 27 16 28 29 30 0
0 31 1 13 19 18 10 32 11 3 0
========================================================

========================================================
Solution for: E-n33-k4
Total time: 6.824241399765015   Solution cost: 979.5270491020946  Iteration: 330
0 3 14 28 27 25 24 19 18 32 0
0 2 12 11 8 9 10 13 1 31 0
0 26 17 15 30 0
0 4 5 6 7 21 20 22 23 16 29 0
========================================================

========================================================
Solution for: E-n33-k4
Total time: 6.687718629837036   Solution cost: 922.8041080026962  Iteration: 331
0 3 2 11 13 1 15 14 31 0
0 4 9 8 10 32 7 6 5 12 0
0 30 17 18 21 20 22 23 24 29 0
0 26 27 28 16 25 19 0
========================================================

========================================================
Solution for: E-n33-k4
Total time: 7.370957136154175   Solution cost: 922.5122626974771  Iteration: 369
0 29 28 16 27 25 22 19 18 2 0
0 30 11 32 7 6 5 12 3 0
0 1 14 26 31 0
0 13 15 17 24 23 20 21 10 8 9 4 0
========================================================

========================================================
Solution for: E-n33-k4
Total time: 7.830388069152832   Solution cost: 921.7667087995475  Iteration: 391
0 15 17 25 27 26 0
0 30 29 16 28 14 31 0
0 18 19 21 22 24 23 20 10 6 11 12 4 0
0 3 2 1 13 32 8 9 7 5 0
========================================================

========================================================
Solution for: E-n33-k4
Total time: 7.098696231842041   Solution cost: 945.7920717005354  Iteration: 358
0 11 7 8 10 20 23 24 15 2 0
0 4 9 18 19 21 22 25 17 32 6 5 3 0
0 26 27 16 28 29 0
0 30 31 14 1 13 12 0
========================================================

========================================================
Solution for: E-n33-k4
Total time: 6.252223491668701   Solution cost: 983.3730159682214  Iteration: 305
0 14 25 22 20 21 10 32 6 2 0
0 4 7 8 9 18 19 23 24 17 5 3 0
0 30 29 16 28 1 13 11 12 0
0 26 27 15 31 0
========================================================


======================================================================================================================================
========================================================
Solution for: E-n51-k5
Total time: 14.92104458808899   Solution cost: 732.145008970345  Iteration: 501
0 47 4 17 37 30 39 44 40 13 25 0
0 14 6 2 22 28 31 26 7 48 27 0
0 12 49 10 34 21 29 20 16 50 9 0
0 18 41 19 42 45 33 15 5 0
0 1 35 36 3 8 43 24 23 32 11 38 46 0
========================================================

========================================================
Solution for: E-n51-k5
Total time: 12.755719900131226   Solution cost: 704.4461868458299  Iteration: 420
0 10 39 30 34 50 21 20 35 36 3 22 0
0 46 27 48 23 7 26 31 16 38 49 5 0
0 17 37 44 15 9 29 28 8 1 2 11 32 0
0 6 43 24 41 40 19 4 47 12 0
0 18 14 25 13 42 45 33 0
========================================================

========================================================
Solution for: E-n51-k5
Total time: 16.42466163635254   Solution cost: 743.5828067964705  Iteration: 561
0 15 33 45 44 25 14 6 2 0
0 7 43 24 18 4 47 12 46 0
0 30 34 20 35 36 3 16 11 32 0
0 27 1 22 8 23 13 41 40 19 42 17 37 0
0 5 10 39 49 48 26 31 28 29 21 50 9 38 0
========================================================

========================================================
Solution for: E-n51-k5
Total time: 17.242226362228394   Solution cost: 663.9443537214192  Iteration: 584
0 29 20 35 36 3 28 31 26 8 22 32 0
0 6 23 7 48 11 16 50 30 9 38 0
0 12 17 4 42 44 15 45 33 10 49 5 0
0 19 40 41 13 25 14 24 43 0
0 2 21 34 39 37 47 18 0
0 27 1 46 0
========================================================

========================================================
Solution for: E-n51-k5
Total time: 11.907938718795776   Solution cost: 742.9074315093294  Iteration: 396
0 46 8 7 43 25 13 4 18 0
0 27 6 23 24 14 17 44 45 15 37 47 0
0 33 39 21 35 36 20 29 5 12 0
0 9 49 10 42 19 40 41 30 34 50 16 0
0 38 11 32 1 48 26 31 28 3 22 2 0
========================================================

========================================================
Solution for: E-n51-k5
Total time: 16.69229745864868   Solution cost: 791.0388229073553  Iteration: 572
0 25 24 43 26 31 32 27 18 47 0
0 11 38 30 39 33 44 6 23 7 0
0 45 15 37 48 8 28 3 20 50 9 10 0
0 14 4 13 41 40 19 42 17 2 22 1 0
0 46 12 5 49 34 21 36 35 29 16 0
========================================================

========================================================
Solution for: E-n51-k5
Total time: 13.252030849456787   Solution cost: 677.8098633082043  Iteration: 449
0 32 11 20 35 36 26 7 23 6 27 0
0 14 18 13 41 40 19 42 44 0
0 1 2 29 3 8 48 43 24 25 4 17 0
0 47 12 30 34 21 16 22 28 31 46 0
0 5 38 50 9 49 10 39 33 45 15 37 0
========================================================

========================================================
Solution for: E-n51-k5
Total time: 16.44356870651245   Solution cost: 726.1453613819518  Iteration: 551
0 6 48 8 28 3 20 16 11 46 0
0 24 43 7 22 1 38 5 44 42 41 4 0
0 32 2 12 47 25 14 0
0 18 19 40 13 23 26 31 36 35 29 21 0
0 49 9 50 34 30 10 39 33 45 15 37 17 0
0 27 0
========================================================

========================================================
Solution for: E-n51-k5
Total time: 12.265212297439575   Solution cost: 713.0430358313687  Iteration: 399
0 41 40 19 42 17 4 47 12 6 27 1 0
0 37 9 34 50 8 26 7 43 23 48 0
0 5 33 39 30 10 49 38 22 28 31 0
0 11 16 21 29 35 36 3 20 2 32 0
0 24 14 25 13 18 44 45 15 0
0 46 0
========================================================

========================================================
Solution for: E-n51-k5
Total time: 17.19979190826416   Solution cost: 655.0609778610537  Iteration: 586
0 5 38 22 28 31 26 8 16 21 34 50 0
0 49 9 30 10 39 33 45 44 42 41 17 0
0 6 7 43 24 25 13 40 19 4 12 0
0 46 11 2 29 20 35 36 3 1 32 0
0 27 48 23 14 18 47 37 15 0
========================================================


======================================================================================================================================
========================================================
Solution for: E-n76-k8
Total time: 35.705496072769165   Solution cost: 964.6022287718646  Iteration: 755
0 4 48 47 21 22 42 41 43 1 0
0 45 29 5 37 20 15 57 13 27 24 3 0
0 44 32 9 39 25 50 18 55 31 72 0
0 26 67 46 8 52 30 74 2 68 0
0 7 53 11 65 66 59 14 0
0 35 19 54 34 17 51 16 49 23 56 64 0
0 58 38 10 12 40 63 33 6 0
0 36 70 60 71 69 61 28 62 73 75 0
========================================================

========================================================
Solution for: E-n76-k8
Total time: 45.619091510772705   Solution cost: 920.581935400852  Iteration: 683
0 68 2 28 22 62 63 23 18 25 9 0
0 7 11 10 31 55 50 24 49 0
0 27 57 15 5 37 20 70 60 71 36 47 48 0
0 34 46 8 52 13 54 19 14 35 0
0 26 17 3 44 32 40 29 45 0
0 4 73 56 41 43 1 33 16 51 0
0 12 39 72 58 38 65 66 59 53 0
0 6 42 64 61 69 21 74 30 75 0
0 67 0
========================================================

========================================================
Solution for: E-n76-k8
Total time: 45.62701749801636   Solution cost: 986.4924448344688  Iteration: 718
0 40 32 9 39 31 10 72 12 0
0 51 3 17 26 46 8 35 54 13 52 34 0
0 4 45 29 5 37 36 47 21 30 0
0 7 53 11 66 59 19 67 0
0 68 27 57 15 71 69 61 28 44 50 18 55 25 0
0 75 14 65 38 58 16 33 73 6 0
0 2 62 1 43 41 56 42 64 22 0
0 48 20 70 60 74 63 23 49 24 0
========================================================

========================================================
Solution for: E-n76-k8
Total time: 42.12669491767883   Solution cost: 1012.6139104801839  Iteration: 674
0 68 30 29 48 74 28 33 63 17 0
0 34 8 35 53 38 65 31 55 25 9 0
0 10 11 66 59 14 7 0
0 51 16 56 1 73 62 2 6 75 0
0 27 13 5 21 61 69 36 47 37 20 15 0
0 22 64 41 32 72 58 19 54 57 70 60 71 0
0 67 46 52 45 4 26 12 0
0 40 50 18 24 49 23 42 43 3 44 39 0
========================================================

========================================================
Solution for: E-n76-k8
Total time: 45.60017156600952   Solution cost: 961.7574632817757  Iteration: 745
0 36 71 60 70 15 57 54 19 14 35 8 67 0
0 2 1 49 24 18 50 32 44 3 0
0 17 25 55 31 10 66 59 53 0
0 63 23 56 41 43 38 65 11 7 26 0
0 75 34 46 52 27 13 29 45 4 0
0 68 6 51 73 28 74 21 47 48 30 0
0 12 39 9 16 33 40 72 58 0
0 5 37 20 69 61 64 42 22 62 0
========================================================

========================================================
Solution for: E-n76-k8
Total time: 34.81891870498657   Solution cost: 1097.754527613115  Iteration: 562
0 33 43 56 41 42 64 22 28 0
0 27 13 45 2 68 6 31 10 58 0
0 63 23 49 18 55 25 32 44 74 48 30 75 0
0 34 46 52 54 19 35 8 7 67 0
0 24 50 40 17 29 5 69 61 62 0
0 37 20 57 9 39 66 59 26 0
0 51 3 16 1 73 21 47 36 71 60 70 15 0
0 4 53 14 11 65 38 72 12 0
========================================================

========================================================
Solution for: E-n76-k8
Total time: 45.62888312339783   Solution cost: 1036.7048788493823  Iteration: 752
0 39 9 50 18 24 49 27 13 52 34 0
0 35 11 38 10 31 55 25 44 3 0
0 75 64 42 41 23 1 73 2 67 0
0 4 53 14 19 8 46 45 0
0 21 47 36 71 60 70 20 37 5 48 68 0
0 6 33 43 56 32 40 26 0
0 29 15 57 54 59 66 65 16 63 61 69 0
0 62 22 28 74 30 7 58 72 12 17 51 0
========================================================

========================================================
Solution for: E-n76-k8
Total time: 45.62734055519104   Solution cost: 938.357421368868  Iteration: 745
0 63 23 56 41 43 73 62 21 69 36 15 57 0
0 19 59 14 35 7 67 68 1 33 0
0 53 11 38 72 55 25 40 17 0
0 66 65 31 9 50 18 24 49 0
0 12 58 10 39 32 44 3 16 51 0
0 47 71 60 70 20 37 5 48 30 29 45 0
0 26 46 34 52 8 54 13 27 4 0
0 6 2 22 42 64 61 28 74 75 0
========================================================

========================================================
Solution for: E-n76-k8
Total time: 45.61326336860657   Solution cost: 1067.0607304342157  Iteration: 753
0 6 63 23 43 41 42 64 69 71 36 61 22 62 0
0 8 35 19 14 59 66 65 7 0
0 46 57 20 37 5 27 34 67 0
0 26 17 75 4 47 21 74 30 0
0 10 31 72 39 9 50 49 16 29 45 0
0 58 38 11 53 68 73 28 60 70 0
0 52 54 13 15 48 2 1 56 33 0
0 25 55 18 24 32 12 40 44 3 51 0
========================================================

========================================================
Solution for: E-n76-k8
Total time: 45.65053391456604   Solution cost: 1079.797318601758  Iteration: 753
0 40 3 44 55 18 24 49 56 23 63 6 0
0 10 38 65 53 13 57 22 33 16 51 0
0 30 74 21 69 61 64 42 41 43 1 73 0
0 67 52 27 36 71 54 14 11 0
0 62 28 2 34 59 66 31 72 0
0 39 9 25 50 32 7 35 19 8 0
0 4 37 60 70 20 15 46 26 75 0
0 58 12 17 68 29 5 47 48 45 0
========================================================


======================================================================================================================================
========================================================
Solution for: E-n76-k10
Total time: 45.64213252067566   Solution cost: 1136.5409087994055  Iteration: 731
0 70 60 25 55 18 41 42 64 22 68 0
0 4 13 57 15 20 37 5 27 0
0 7 66 38 10 9 0
0 53 14 19 46 34 0
0 21 69 71 36 47 62 33 63 51 0
0 75 28 61 73 1 43 56 23 0
0 45 29 48 30 74 2 6 0
0 3 50 31 65 59 54 52 0
0 26 72 58 11 35 8 67 0
0 12 39 32 44 24 49 16 0
0 40 17 0
========================================================

========================================================
Solution for: E-n76-k10
Total time: 34.1823947429657   Solution cost: 1174.4188099786988  Iteration: 540
0 26 58 53 35 7 67 75 0
0 12 72 66 59 14 19 54 0
0 8 46 34 63 23 56 41 68 0
0 17 9 39 31 10 0
0 64 61 22 42 43 62 74 2 0
0 40 25 55 37 70 20 15 57 0
0 6 16 3 32 51 4 0
0 28 69 71 60 13 11 65 38 0
0 52 27 5 48 47 36 21 0
0 73 1 33 49 24 18 50 44 0
0 30 29 45 0
========================================================

========================================================
Solution for: E-n76-k10
Total time: 45.64132332801819   Solution cost: 1076.9322699640206  Iteration: 737
0 68 2 64 42 56 63 0
0 4 5 37 36 69 61 21 0
0 50 18 24 49 16 26 7 8 0
0 32 44 3 6 30 29 45 0
0 58 38 66 59 54 13 0
0 75 17 51 73 28 74 48 15 57 0
0 12 39 72 10 65 11 53 0
0 33 23 41 43 1 22 62 0
0 46 34 52 19 14 35 0
0 40 9 25 55 31 67 0
0 27 20 70 60 71 47 0
========================================================

========================================================
Solution for: E-n76-k10
Total time: 35.51774048805237   Solution cost: 983.1395950914073  Iteration: 714
0 62 22 64 61 74 2 75 0
0 12 72 10 66 59 19 52 0
0 17 67 46 34 4 0
0 8 35 11 65 38 58 26 0
0 33 1 43 23 56 41 42 73 68 0
0 40 9 50 32 44 3 0
0 16 24 18 55 25 31 39 0
0 30 20 70 60 71 36 69 28 0
0 45 27 13 54 14 53 7 0
0 29 48 21 47 37 5 15 57 0
0 6 63 49 51 0
========================================================

========================================================
Solution for: E-n76-k10
Total time: 45.65087556838989   Solution cost: 1079.7387417838365  Iteration: 687
0 4 5 37 36 69 47 48 0
0 31 55 18 50 44 3 51 17 0
0 45 20 60 21 56 23 63 0
0 61 64 42 41 43 1 49 24 0
0 7 8 52 27 13 57 15 29 0
0 66 59 14 54 70 71 68 0
0 26 38 65 11 53 19 35 0
0 75 30 74 28 22 62 2 0
0 40 32 25 9 39 12 0
0 67 72 10 58 46 34 0
0 6 73 33 16 0
========================================================

========================================================
Solution for: E-n76-k10
Total time: 45.18396139   Solution cost: 1197.3122308025863  Iteration: 220
0 40 44 18 50 24 49 51 0
0 14 54 71 21 61 28 74 0
0 4 38 10 26 6 75 0
0 7 53 11 59 46 0
0 16 56 64 42 43 1 68 0
0 32 9 39 58 65 66 0
0 34 8 19 35 72 12 17 67 0
0 45 30 23 41 22 62 29 13 52 0
0 48 36 20 37 5 15 57 27 0
0 33 63 73 2 47 69 60 70 0
0 31 55 25 3 0
========================================================

========================================================
Solution for: E-n76-k10
Total time: 45.61076211929321   Solution cost: 1119.6410054930996  Iteration: 455
0 74 69 45 52 46 67 26 0
0 51 3 44 9 25 55 31 39 0
0 47 36 37 20 15 5 29 13 27 0
0 58 40 32 50 18 0
0 24 49 56 22 28 21 0
0 53 11 65 66 59 35 0
0 70 60 71 57 54 19 14 8 0
0 10 38 7 34 30 68 75 0
0 33 43 41 42 64 61 48 0
0 12 72 16 63 23 1 62 73 2 6 0
0 17 4 0
========================================================

========================================================
Solution for: E-n76-k10
Total time: 29.80070447921753   Solution cost: 1123.9781305974627  Iteration: 691
0 25 55 31 10 65 38 58 0
0 43 42 41 56 23 49 63 29 4 0
0 45 52 27 15 57 20 37 5 0
0 53 11 66 59 35 0
0 34 46 7 39 50 18 24 0
0 68 6 2 33 16 44 72 12 0
0 30 48 21 74 28 62 73 0
0 14 19 70 60 71 64 1 0
0 67 26 9 32 40 0
0 8 54 13 47 36 69 61 22 75 0
0 17 3 51 0
========================================================

========================================================
Solution for: E-n76-k10
Total time: 45.62321138381958   Solution cost: 1141.2496822575167  Iteration: 1013
0 73 1 16 50 31 65 58 26 0
0 39 9 32 44 3 17 0
0 75 6 45 30 74 56 23 63 0
0 25 55 18 24 49 22 60 70 37 27 0
0 8 19 35 7 10 72 12 40 0
0 46 14 59 66 0
0 38 11 53 67 0
0 28 61 71 20 15 57 13 54 52 0
0 4 68 51 33 62 2 0
0 48 47 21 69 36 5 29 34 0
0 64 42 41 43 0
========================================================

========================================================
Solution for: E-n76-k10
Total time: 31.997035264968872   Solution cost: 1142.8320352435362  Iteration: 768
0 30 5 47 61 33 16 51 0
0 1 43 64 22 6 75 0
0 32 50 18 44 26 67 0
0 7 53 35 19 54 13 52 46 0
0 2 74 28 62 73 68 4 0
0 20 70 60 71 36 37 27 34 0
0 40 55 31 10 38 58 0
0 14 59 8 42 41 63 3 17 0
0 48 21 69 11 66 65 0
0 23 56 49 24 25 9 39 72 12 0
0 57 15 29 45 0
========================================================


======================================================================================================================================
========================================================
Solution for: E-n101-k8
Total time: 60.61236357688904   Solution cost: 1221.7632288570849  Iteration: 1197
0 58 97 87 42 14 44 91 61 99 89 79 68 0
0 53 26 54 25 39 67 23 56 75 73 40 0
0 95 92 93 60 83 18 88 70 66 65 71 35 34 33 76 0
0 77 3 80 74 22 57 2 13 100 37 98 85 59 0
0 69 1 81 9 32 90 63 10 62 19 82 7 52 0
0 94 96 5 84 8 48 46 45 17 43 15 78 29 24 55 4 21 0
0 28 30 20 51 50 12 72 41 38 86 16 6 0
0 47 36 49 64 11 31 27 0
========================================================

========================================================
Solution for: E-n101-k8
Total time: 60.60676074028015   Solution cost: 1227.0236519001955  Iteration: 1186
0 37 98 91 61 45 8 46 62 20 35 34 79 60 5 83 82 52 0
0 26 56 23 75 22 42 100 85 93 99 96 6 0
0 51 9 71 65 66 32 90 11 19 48 7 88 0
0 54 55 21 73 74 41 2 18 47 36 49 64 63 10 31 0
0 50 33 81 89 84 17 86 16 59 97 95 0
0 4 39 67 25 24 80 68 76 1 30 70 69 0
0 14 44 38 43 15 57 72 40 58 13 53 28 27 0
0 94 92 87 12 29 78 3 77 0
========================================================

========================================================
Solution for: E-n101-k8
Total time: 55.559882164001465   Solution cost: 1289.0449510323872  Iteration: 1083
0 18 83 5 60 89 76 77 72 74 22 2 13 0
0 31 88 69 1 20 71 65 35 9 33 81 34 78 3 50 0
0 94 57 41 23 4 12 79 51 30 70 27 0
0 95 98 85 16 86 45 49 64 11 7 0
0 53 58 82 19 36 46 17 84 61 91 100 37 93 59 99 0
0 39 67 25 55 80 68 32 90 10 28 26 0
0 48 47 8 40 21 73 15 43 42 14 38 44 96 6 0
0 97 92 87 75 56 54 24 29 66 63 62 52 0
========================================================

========================================================
Solution for: E-n101-k8
Total time: 60.64624762535095   Solution cost: 1248.1635345054553  Iteration: 1003
0 59 16 86 5 82 47 48 7 0
0 58 21 74 22 41 57 15 43 38 17 45 51 66 71 9 50 0
0 18 60 83 8 46 36 49 64 63 30 32 70 10 62 1 0
0 26 12 80 29 24 25 55 3 79 34 78 76 87 37 98 94 0
0 13 95 2 54 4 56 75 23 67 39 0
0 89 99 61 91 100 44 14 42 73 72 68 77 97 92 0
0 33 81 35 65 20 90 11 19 84 85 93 96 6 0
0 53 40 28 69 31 88 52 27 0
========================================================

========================================================
Solution for: E-n101-k8
Total time: 60.61007881164551   Solution cost: 1238.1028544373644  Iteration: 1020
0 89 8 47 49 19 7 88 31 18 5 93 0
0 70 10 62 63 90 65 35 34 78 33 50 1 30 20 51 76 0
0 82 48 12 26 21 25 55 24 68 79 3 77 0
0 99 85 17 86 16 100 87 41 22 75 74 0
0 80 29 81 9 71 66 32 27 28 40 58 53 0
0 95 92 37 14 38 44 91 61 84 60 52 69 2 57 15 43 42 98 59 6 0
0 13 97 73 72 56 23 67 39 4 54 0
0 83 45 11 64 36 46 96 94 0
========================================================

========================================================
Solution for: E-n101-k8
Total time: 50.439175605773926   Solution cost: 1296.2567720473924  Iteration: 881
0 74 22 43 38 86 16 72 67 39 21 0
0 37 98 85 18 31 88 62 19 49 36 82 7 0
0 56 23 41 15 14 44 42 97 12 80 68 28 53 0
0 52 89 58 4 55 25 75 57 87 95 99 5 84 83 0
0 76 77 3 78 33 92 59 17 45 46 47 8 60 6 94 13 0
0 26 54 24 29 34 35 9 79 81 51 30 90 10 27 0
0 69 1 50 70 48 11 64 63 66 65 71 20 32 0
0 96 93 91 61 100 2 73 40 0
========================================================

========================================================
Solution for: E-n101-k8
Total time: 58.544750928878784   Solution cost: 1271.7413321624226  Iteration: 961
0 12 80 29 24 55 25 67 39 54 76 30 70 88 7 46 69 27 0
0 96 95 13 58 26 68 78 35 65 66 28 0
0 48 36 49 64 32 71 9 51 31 18 83 60 0
0 79 34 81 20 90 63 11 19 1 50 33 3 77 40 53 0
0 97 87 42 43 38 86 16 44 14 91 61 5 0
0 82 47 8 45 17 84 85 100 93 62 10 0
0 99 59 92 98 37 15 57 94 6 21 73 74 75 56 23 41 2 0
0 4 72 22 89 52 0
========================================================

========================================================
Solution for: E-n101-k8
Total time: 60.65509271621704   Solution cost: 1186.87914488089  Iteration: 999
0 53 40 73 41 22 15 43 14 100 37 98 93 59 99 89 0
0 21 72 74 4 55 24 29 78 79 3 77 76 2 87 58 0
0 27 60 83 82 8 45 17 84 61 85 5 19 88 52 0
0 1 50 66 64 49 36 18 57 75 23 56 26 0
0 13 42 44 38 86 16 91 92 97 95 96 94 0
0 12 54 80 68 33 51 30 31 69 28 0
0 39 67 25 34 35 65 71 20 70 10 62 47 46 6 0
0 7 48 11 63 90 32 9 81 0
========================================================

========================================================
Solution for: E-n101-k8
Total time: 60.64956498146057   Solution cost: 1237.8628695686405  Iteration: 1028
0 9 81 33 50 27 6 59 92 2 73 25 4 21 40 58 0
0 52 7 48 45 86 38 43 15 55 54 26 53 0
0 23 67 39 12 1 90 63 64 32 20 30 70 0
0 29 24 80 68 69 10 11 19 82 60 85 93 0
0 77 3 79 78 34 35 71 65 66 51 76 28 0
0 49 36 47 91 100 87 57 41 22 75 56 74 72 0
0 96 61 16 44 14 42 97 94 89 88 62 31 0
0 13 95 37 98 99 5 84 17 46 8 83 18 0
========================================================

========================================================
Solution for: E-n101-k8
Total time: 60.62303400039673   Solution cost: 1316.877134320676  Iteration: 1003
0 89 99 37 100 91 14 42 15 23 56 34 35 20 90 10 70 50 76 0
0 73 74 22 41 57 2 80 68 12 6 5 60 8 36 49 7 0
0 4 55 54 3 29 25 67 39 75 72 21 40 53 0
0 66 32 19 47 48 82 18 52 27 0
0 31 63 64 11 62 88 61 86 16 85 0
0 77 33 79 51 30 1 69 93 98 97 87 58 26 0
0 13 43 38 44 17 84 83 45 46 65 71 9 81 78 24 28 0
0 96 59 92 95 94 0
========================================================


======================================================================================================================================
========================================================
Solution for: E-n101-k14
Total time: 60.61112427711487   Solution cost: 1392.142157331074  Iteration: 921
0 27 28 76 3 78 35 9 51 1 0
0 95 92 6 70 32 64 19 82 18 0
0 56 23 4 54 80 77 12 0
0 40 26 21 73 72 75 15 57 0
0 20 71 65 66 10 52 89 0
0 8 48 47 36 49 0
0 45 17 84 61 16 93 5 0
0 94 96 98 85 60 83 46 7 0
0 74 39 67 25 55 24 68 0
0 22 41 43 14 42 2 13 0
0 59 99 91 100 37 97 87 0
0 50 79 29 34 81 33 0
0 30 90 63 11 62 88 31 69 0
0 53 58 44 38 86 0
========================================================

========================================================
Solution for: E-n101-k14
Total time: 60.62929558753967   Solution cost: 1465.1962715266234  Iteration: 946
0 97 22 41 23 67 56 73 0
0 68 33 51 50 27 0
0 48 47 82 18 89 0
0 28 30 32 90 64 49 36 0
0 100 44 38 84 83 62 88 0
0 94 59 8 46 45 17 61 0
0 4 25 39 75 72 21 0
0 6 85 16 86 91 98 0
0 12 54 80 79 34 35 71 20 0
0 77 76 1 69 31 52 58 53 0
0 3 29 78 81 9 65 66 0
0 95 96 7 19 11 63 10 70 0
0 14 43 15 74 55 24 99 93 5 60 0
0 13 92 37 42 57 2 87 40 26 0
========================================================

========================================================
Solution for: E-n101-k14
Total time: 60.63515543937683   Solution cost: 1446.0230201085221  Iteration: 962
0 3 78 9 51 70 31 10 62 0
0 40 74 75 23 2 87 42 0
0 94 12 54 24 29 77 76 0
0 96 60 45 8 46 19 7 82 83 18 52 0
0 4 39 56 41 57 73 21 26 0
0 68 1 90 32 63 11 64 69 0
0 37 14 43 15 22 72 58 0
0 99 5 84 17 16 91 100 92 97 0
0 13 53 30 20 33 50 0
0 93 85 59 95 0
0 49 36 47 48 88 0
0 27 35 34 79 80 67 25 55 0
0 66 65 71 81 28 0
0 89 6 98 44 38 86 61 0
========================================================

========================================================
Solution for: E-n101-k14
Total time: 60.6446795463562   Solution cost: 1511.582932470885  Iteration: 927
0 11 64 63 90 16 44 38 43 42 97 0
0 89 60 84 61 98 37 59 95 0
0 72 22 41 57 87 13 0
0 79 29 68 12 0
0 47 49 19 62 10 0
0 23 39 4 55 54 0
0 81 9 71 66 69 27 0
0 18 83 17 46 36 32 20 51 31 88 0
0 86 85 93 96 0
0 7 48 5 91 100 94 0
0 78 34 35 65 30 53 58 0
0 26 50 1 70 33 3 77 76 28 0
0 6 99 92 14 15 67 25 56 75 74 2 0
0 40 73 21 24 80 52 45 8 82 0
========================================================

========================================================
Solution for: E-n101-k14
Total time: 60.63548994064331   Solution cost: 1434.1077030281233  Iteration: 927
0 37 98 85 5 83 60 0
0 28 69 50 33 9 3 68 0
0 61 17 44 38 23 67 0
0 51 71 65 35 29 54 57 15 43 42 0
0 40 58 94 52 62 90 32 0
0 76 77 79 78 34 81 0
0 87 14 86 93 0
0 18 7 48 19 11 88 0
0 47 36 46 82 8 45 99 59 0
0 12 80 24 55 25 39 56 75 41 2 0
0 27 89 84 16 91 100 92 97 95 0
0 21 73 22 74 72 4 26 0
0 1 70 10 31 6 96 13 53 0
0 49 64 63 66 20 30 0
========================================================

========================================================
Solution for: E-n101-k14
Total time: 60.65894412994385   Solution cost: 1479.0027381301443  Iteration: 964
0 27 70 30 88 18 60 84 61 91 42 57 2 0
0 89 5 83 31 1 50 0
0 19 47 36 11 62 7 82 52 0
0 58 37 100 16 17 46 48 0
0 28 26 21 72 73 40 53 0
0 93 86 59 94 0
0 3 79 80 4 39 56 74 0
0 12 54 55 25 24 29 68 76 0
0 22 41 15 85 99 96 0
0 67 23 75 97 95 6 0
0 81 78 34 9 51 8 45 98 92 0
0 49 64 66 71 20 69 0
0 87 43 38 44 14 13 0
0 77 33 35 65 32 63 10 90 0
========================================================

========================================================
Solution for: E-n101-k14
Total time: 60.610482692718506   Solution cost: 1367.811237012537  Iteration: 921
0 40 21 73 72 74 2 95 96 0
0 4 23 15 42 87 97 0
0 59 85 91 61 60 83 18 0
0 76 77 3 79 29 24 55 12 0
0 19 49 47 82 0
0 31 10 32 63 8 45 52 0
0 25 67 39 56 75 22 41 0
0 94 92 44 86 38 43 57 0
0 89 99 93 17 46 36 64 11 48 0
0 69 70 30 66 65 35 28 0
0 5 84 16 14 100 37 98 6 0
0 26 54 50 33 81 34 78 0
0 53 13 58 80 68 0
0 27 88 7 62 90 20 71 9 51 1 0
========================================================

========================================================
Solution for: E-n101-k14
Total time: 60.64242076873779   Solution cost: 1332.271583534277  Iteration: 930
0 47 19 62 10 31 0
0 94 93 60 36 64 63 90 32 69 0
0 88 7 82 48 46 8 18 53 0
0 28 76 79 3 77 0
0 85 91 44 38 14 42 92 0
0 50 78 34 35 9 81 33 1 0
0 12 68 80 4 56 21 40 0
0 97 59 98 61 99 96 6 89 52 0
0 37 100 15 43 16 86 17 83 0
0 29 24 54 72 2 87 95 0
0 27 11 49 45 84 5 0
0 26 75 22 41 57 13 58 0
0 73 74 23 67 39 55 25 0
0 51 71 65 66 20 30 70 0
========================================================

========================================================
Solution for: E-n101-k14
Total time: 52.72716164588928   Solution cost: 1490.4183815013141  Iteration: 825
0 83 45 85 97 73 40 0
0 72 56 4 80 79 3 76 0
0 53 27 52 7 48 62 70 0
0 10 90 32 66 34 78 33 1 69 0
0 77 29 24 54 26 58 13 0
0 75 23 67 55 35 65 20 0
0 28 30 63 11 19 47 36 46 0
0 59 42 14 44 38 43 15 0
0 39 25 31 64 49 88 0
0 81 9 71 51 50 0
0 86 16 61 60 8 82 18 0
0 5 89 68 12 0
0 95 92 37 98 100 91 17 84 93 99 96 6 0
0 94 87 2 57 41 22 74 21 0
========================================================

========================================================
Solution for: E-n101-k14
Total time: 60.62954020500183   Solution cost: 1468.2737055683183  Iteration: 906
0 39 67 23 41 15 43 0
0 73 22 57 87 97 95 0
0 30 9 35 81 51 62 52 0
0 76 77 24 29 3 33 63 64 11 18 60 0
0 74 75 56 72 54 68 0
0 7 82 8 48 19 88 0
0 93 100 91 44 38 61 84 83 0
0 10 32 34 78 79 80 12 0
0 40 2 42 14 98 1 50 21 4 25 55 0
0 85 16 86 17 89 0
0 5 45 46 36 49 47 0
0 31 70 90 20 66 65 71 69 0
0 27 28 26 58 13 37 92 0
0 53 6 96 99 59 94 0
========================================================


======================================================================================================================================
