

========================================================
Solution for: E-n22-k4
Total time: 14.181032419204712   Solution cost: 425.3423325271952  Iteration: 365
0 6 1 2 5 7 9 0
0 3 4 11 16 0
0 17 20 18 15 12 0
0 10 8 13 19 21 14 0
========================================================

========================================================
Solution for: E-n22-k4
Total time: 5.314159631729126   Solution cost: 409.9302251746264  Iteration: 135
0 16 19 21 14 0
0 12 15 18 20 17 0
0 9 7 5 3 4 0
0 10 2 1 6 8 11 13 0
========================================================

========================================================
Solution for: E-n22-k4
Total time: 7.366940975189209   Solution cost: 462.7494907054854  Iteration: 187
0 8 6 1 2 18 20 21 14 0
0 10 3 4 11 13 0
0 12 15 9 5 7 0
0 16 19 17 0
========================================================

========================================================
Solution for: E-n22-k4
Total time: 11.0673871   Solution cost: 375.88   Iteration: 128
0 3 4 11 21 17 15 0
0 8 6 1 2 5 7 9 0
0 12 10 13 16 14 0
0 19 20 18 0
========================================================

========================================================
Solution for: E-n22-k4
Total time: 4.8438475131988525   Solution cost: 431.0343258916326  Iteration: 122
0 3 4 11 13 0
0 19 21 20 17 0
0 8 10 12 15 18 16 0
0 9 7 5 2 1 6 14 0
========================================================

========================================================
Solution for: E-n22-k4
Total time: 9.72831416130066   Solution cost: 392.8475400691806  Iteration: 245
0 16 19 13 0
0 11 4 3 1 2 6 8 0
0 10 7 5 9 12 14 0
0 15 18 20 21 17 0
========================================================

========================================================
Solution for: E-n22-k4
Total time: 11.067387104034424   Solution cost: 375.2797871480124  Iteration: 278
0 9 7 5 2 1 6 0
0 16 19 21 14 0
0 13 11 4 3 8 10 0
0 17 20 18 15 12 0
========================================================

========================================================
Solution for: E-n22-k4
Total time: 7.203114748001099   Solution cost: 402.83532626628096  Iteration: 178
0 14 16 20 18 15 0
0 2 1 3 4 11 0
0 12 10 8 6 5 7 9 0
0 13 19 21 17 0
========================================================

========================================================
Solution for: E-n22-k4
Total time: 5.546104431152344   Solution cost: 387.27454069247545  Iteration: 140
0 15 18 20 16 0
0 9 7 5 2 1 6 0
0 13 19 21 17 14 0
0 11 4 3 8 10 12 0
========================================================

========================================================
Solution for: E-n22-k4
Total time: 10.64495849609375   Solution cost: 384.05605815089905  Iteration: 267
0 6 1 2 5 7 9 0
0 19 21 20 17 0
0 10 8 3 4 11 13 0
0 12 15 18 14 16 0
========================================================


======================================================================================================================================
========================================================
Solution for: E-n33-k4
Total time: 14.625657558441162   Solution cost: 951.072822244116  Iteration: 259
0 2 12 11 28 16 29 30 0
0 22 24 23 20 21 32 7 4 0
0 1 15 26 27 25 17 13 0
0 31 14 18 19 10 9 8 6 5 3 0
========================================================

========================================================
Solution for: E-n33-k4
Total time: 11.03686261177063   Solution cost: 904.5074815104232  Iteration: 193
0 29 16 24 23 20 22 21 18 11 3 0
0 30 14 17 25 19 13 1 0
0 28 27 26 15 31 0
0 4 5 6 7 8 9 10 32 12 2 0
========================================================

========================================================
Solution for: E-n33-k4
Total time: 17.015194416046143   Solution cost: 932.8119332346174  Iteration: 297
0 5 7 6 17 25 27 30 0
0 4 9 8 10 32 13 15 14 1 3 0
0 31 26 28 16 29 0
0 18 19 22 24 23 20 21 11 12 2 0
========================================================

========================================================
Solution for: E-n33-k4
Total time: 19.92297124862671   Solution cost: 924.7680625237163  Iteration: 352
0 30 29 28 16 24 23 20 21 0
0 14 15 19 22 18 10 7 5 12 2 3 0
0 1 17 25 27 26 0
0 4 6 8 9 32 11 13 31 0
========================================================

========================================================
Solution for: E-n33-k4
Total time: 13.951883792877197   Solution cost: 910.7826520248713  Iteration: 246
0 24 23 20 22 25 17 30 0
0 29 28 16 27 26 13 2 3 0
0 31 1 14 15 19 18 21 10 8 9 0
0 4 5 7 6 32 11 12 0
========================================================

========================================================
Solution for: E-n33-k4
Total time: 20.373414278030396   Solution cost: 904.2011612398082  Iteration: 351
0 3 1 15 27 26 31 0
0 13 14 17 25 22 10 9 6 5 4 0
0 18 19 21 20 23 24 16 28 29 30 0
0 2 12 11 32 8 7 0
========================================================

========================================================
Solution for: E-n33-k4
Total time: 25.718563556671143   Solution cost: 920.6299190895962  Iteration: 442
0 1 26 27 30 0
0 11 18 19 21 20 22 17 15 14 0
0 4 5 6 7 8 9 10 32 13 12 2 3 0
0 31 25 23 24 16 28 29 0
========================================================

========================================================
Solution for: E-n33-k4
Total time: 11.929709196090698   Solution cost: 871.5731575632375  Iteration: 212
0 5 7 6 9 8 10 32 11 0
0 30 31 14 1 3 0
0 4 12 13 15 17 25 26 0
0 29 16 28 27 24 23 22 20 21 19 18 2 0
========================================================

========================================================
Solution for: E-n33-k4
Total time: 12.594107866287231   Solution cost: 937.6274286696377  Iteration: 224
0 17 24 23 22 20 21 19 18 10 8 0
0 14 15 26 31 0
0 2 12 11 32 25 27 16 28 29 0
0 4 5 6 7 9 13 1 30 3 0
========================================================

========================================================
Solution for: E-n33-k4
Total time: 12.67276120185852   Solution cost: 941.7088474532374  Iteration: 194
0 6 7 8 9 10 32 2 0
0 26 16 24 23 22 12 0
0 30 14 15 1 11 5 4 0
0 29 28 27 25 17 20 21 19 18 13 31 3 0
========================================================


======================================================================================================================================
========================================================
Solution for: E-n51-k5
Total time: 31.202890157699585   Solution cost: 711.2273758819845  Iteration: 166
0 42 19 40 41 13 6 48 35 36 22 1 0
0 32 49 33 15 37 17 4 25 14 24 27 0
0 12 47 5 38 11 16 2 0
0 23 43 7 26 8 31 28 3 20 29 21 0
0 46 18 44 45 39 10 30 34 9 50 0
========================================================

========================================================
Solution for: E-n51-k5
Total time: 40.86092495918274   Solution cost: 621.6715051606924  Iteration: 242
0 5 15 45 33 39 30 29 2 32 27 0
0 47 4 18 13 40 41 19 42 17 0
0 11 38 50 34 21 20 36 35 3 1 46 0
0 6 23 7 43 24 14 25 12 0
0 44 37 10 49 9 16 22 28 31 26 8 48 0
========================================================

========================================================
Solution for: E-n51-k5
Total time: 37.19484519958496   Solution cost: 651.1764062931835  Iteration: 419
0 6 14 18 47 12 27 0
0 13 41 19 40 42 44 15 49 38 5 0
0 2 20 29 21 9 4 25 24 43 23 0
0 32 1 22 48 7 26 8 31 28 3 36 35 0
0 11 16 50 34 30 39 10 33 45 37 17 46 0
========================================================

========================================================
Solution for: E-n51-k5
Total time: 40.85071086883545   Solution cost: 635.4759811323584  Iteration: 452
0 27 32 11 2 16 38 5 12 0
0 47 18 13 25 14 6 0
0 48 31 28 20 35 21 34 9 49 46 0
0 41 40 19 42 4 24 23 43 7 26 8 1 0
0 17 37 44 15 45 33 39 10 30 50 29 36 3 22 0
========================================================

========================================================
Solution for: E-n51-k5
Total time: 25.512410402297974   Solution cost: 665.3413367709751  Iteration: 291
0 11 16 2 22 1 32 27 48 46 12 0
0 13 41 40 19 42 44 15 37 17 4 47 0
0 35 36 3 28 31 8 26 24 25 14 0
0 20 29 21 34 30 39 10 49 9 50 38 0
0 5 33 45 18 23 7 43 6 0
========================================================

========================================================
Solution for: E-n51-k5
Total time: 40.85433864593506   Solution cost: 637.0569844037848  Iteration: 472
0 14 25 18 44 45 33 15 37 0
0 22 8 26 31 28 3 36 35 20 29 5 0
0 34 30 39 10 49 11 32 1 48 27 0
0 38 9 21 50 16 2 23 7 43 24 6 0
0 46 12 47 17 42 19 40 41 13 4 0
========================================================

========================================================
Solution for: E-n51-k5
Total time: 40.85637307167053   Solution cost: 601.1552330885271  Iteration: 459
0 12 17 44 42 40 19 41 13 4 0
0 47 18 25 14 24 43 6 0
0 32 2 20 35 36 3 28 31 8 0
0 46 27 48 23 7 26 22 29 21 34 50 16 0
0 38 9 49 30 39 10 33 45 15 37 5 0
0 11 1 0
========================================================

========================================================
Solution for: E-n51-k5
Total time: 24.835354566574097   Solution cost: 601.0549639850971  Iteration: 279
0 6 48 26 8 31 28 3 35 36 20 29 0
0 12 47 4 17 5 34 21 2 46 0
0 32 22 1 27 23 7 43 24 25 14 0
0 18 13 41 40 19 42 44 15 37 0
0 11 16 50 9 30 39 33 45 10 49 38 0
========================================================

========================================================
Solution for: E-n51-k5
Total time: 37.823394775390625   Solution cost: 627.7765605774027  Iteration: 378
0 9 34 21 29 28 31 26 23 7 43 24 14 0
0 17 37 15 45 33 39 10 30 50 16 11 32 0
0 5 38 49 44 42 19 40 47 12 0
0 48 8 20 35 36 3 2 22 1 46 0
0 18 4 41 13 25 6 27 0
========================================================

========================================================
Solution for: E-n51-k5
Total time: 40.826900482177734   Solution cost: 617.5089634292157  Iteration: 272
0 47 18 13 25 14 6 0
0 22 20 35 36 3 28 31 26 8 48 0
0 49 9 34 50 30 10 39 33 45 15 0
0 7 23 43 24 41 40 19 42 44 37 17 4 0
0 12 5 38 11 2 29 21 16 1 0
0 27 32 46 0
========================================================


======================================================================================================================================
========================================================
Solution for: E-n76-k8
Total time: 51.110432147979736   Solution cost: 1028.3193463097718  Iteration: 328
0 30 21 28 62 24 18 50 44 0
0 5 69 47 29 57 27 13 54 46 34 0
0 17 74 48 45 4 52 19 8 26 0
0 43 41 56 23 16 3 32 40 12 0
0 9 39 25 55 49 63 1 73 33 6 51 0
0 20 60 70 71 61 64 42 22 2 68 75 0
0 67 7 35 53 14 11 65 38 0
0 58 72 10 31 66 59 15 37 36 0
========================================================

========================================================
Solution for: E-n76-k8
Total time: 60.876585960388184   Solution cost: 976.6174314264807  Iteration: 315
0 44 3 24 49 51 52 29 48 47 74 2 0
0 17 12 9 39 72 10 38 65 53 0
0 34 45 5 37 20 15 27 46 67 0
0 26 16 42 64 69 71 60 70 57 13 54 0
0 40 32 50 18 25 55 31 58 0
0 11 66 59 14 19 8 0
0 4 30 22 28 61 36 21 6 0
0 33 43 41 56 23 63 73 1 62 68 75 0
0 7 35 0
========================================================

========================================================
Solution for: E-n76-k8
Total time: 60.898776054382324   Solution cost: 987.7818285952619  Iteration: 319
0 73 1 43 56 23 41 42 64 61 69 71 15 0
0 67 34 19 53 35 8 52 45 75 0
0 46 7 38 65 59 14 13 57 54 0
0 58 12 40 44 3 49 24 17 6 0
0 25 55 18 50 32 51 29 60 70 20 27 0
0 9 39 72 31 10 66 11 0
0 26 68 2 74 28 22 62 33 63 16 0
0 4 30 21 47 36 37 5 48 0
========================================================

========================================================
Solution for: E-n76-k8
Total time: 60.86736059188843   Solution cost: 952.4442232904881  Iteration: 394
0 68 43 64 42 41 56 24 49 33 0
0 45 15 57 13 27 52 26 40 17 51 0
0 75 6 73 62 28 22 1 30 4 0
0 9 25 55 18 50 32 16 63 23 2 0
0 44 3 39 72 31 10 58 38 12 0
0 67 46 34 29 37 71 60 70 20 48 0
0 7 14 35 5 47 36 69 61 21 74 0
0 53 11 65 66 59 19 54 8 0
========================================================

========================================================
Solution for: E-n76-k8
Total time: 50.03770112991333   Solution cost: 964.0435958506581  Iteration: 367
0 53 11 59 66 31 10 72 0
0 30 74 61 22 64 41 42 43 1 63 0
0 33 73 62 28 21 5 15 57 27 0
0 16 49 56 23 24 18 50 55 25 44 3 51 0
0 67 40 12 17 6 2 75 0
0 32 9 39 58 45 48 47 36 71 69 0
0 29 37 60 70 20 7 38 65 26 4 68 0
0 46 34 8 35 14 19 54 13 52 0
========================================================

========================================================
Solution for: E-n76-k8
Total time: 60.85784578323364   Solution cost: 931.2488573668104  Iteration: 470
0 58 38 11 66 59 14 0
0 75 6 33 1 64 42 41 43 63 0
0 67 57 15 69 61 22 62 28 74 30 0
0 19 53 10 32 44 23 56 73 2 0
0 51 16 49 24 18 55 31 65 7 35 8 68 0
0 26 12 40 72 39 9 25 50 3 17 0
0 34 29 48 45 27 13 54 52 46 0
0 5 20 70 60 71 37 36 47 21 4 0
========================================================

========================================================
Solution for: E-n76-k8
Total time: 60.89380359649658   Solution cost: 962.4865026926308  Iteration: 452
0 46 52 27 29 30 2 74 62 6 0
0 16 24 56 23 43 41 64 42 33 0
0 68 45 15 57 13 54 19 59 14 0
0 4 5 47 21 36 37 71 60 70 20 0
0 17 25 55 31 65 38 66 11 0
0 7 35 53 9 39 18 32 50 51 0
0 26 40 12 72 10 58 8 67 34 0
0 44 3 49 63 73 1 22 28 61 69 48 75 0
========================================================

========================================================
Solution for: E-n76-k8
Total time: 60.8524649143219   Solution cost: 997.6398263916645  Iteration: 472
0 37 20 70 60 5 45 12 50 18 55 25 0
0 8 35 14 59 54 13 57 15 29 4 0
0 40 32 44 33 21 48 30 0
0 11 53 19 27 52 46 34 0
0 66 65 31 24 49 23 56 41 43 73 0
0 39 9 72 58 10 38 7 67 26 0
0 68 6 2 42 64 22 61 69 71 36 47 74 0
0 75 62 28 1 63 16 3 17 51 0
========================================================

========================================================
Solution for: E-n76-k8
Total time: 60.90920662879944   Solution cost: 916.7030036868811  Iteration: 346
0 16 63 42 41 64 22 61 69 36 71 60 70 20 0
0 75 2 62 28 74 47 21 48 0
0 4 30 57 13 54 14 59 19 0
0 58 31 55 25 9 40 12 17 0
0 38 10 72 39 32 24 49 33 6 0
0 67 51 3 44 50 18 23 56 43 1 73 0
0 65 66 11 53 35 7 8 46 0
0 34 26 52 27 15 37 5 29 45 68 0
========================================================

========================================================
Solution for: E-n76-k8
Total time: 55.54886531829834   Solution cost: 943.6686587815021  Iteration: 379
0 68 48 47 69 22 23 56 24 63 33 0
0 44 50 18 55 25 31 10 58 67 0
0 46 19 14 54 13 20 37 5 0
0 11 59 66 65 38 53 7 0
0 4 26 12 72 39 9 32 40 0
0 30 61 64 42 41 43 1 73 62 28 0
0 2 74 21 36 71 60 70 15 57 8 35 75 0
0 6 3 49 16 51 17 52 34 27 29 45 0
========================================================


======================================================================================================================================
========================================================
Solution for: E-n76-k10
Total time: 43.13139009475708   Solution cost: 1094.929568411941  Iteration: 326
0 32 44 58 38 65 13 57 15 0
0 51 73 62 22 42 41 56 43 1 0
0 70 37 54 59 66 11 0
0 17 40 31 10 72 12 0
0 45 27 52 46 34 67 0
0 30 47 36 61 64 23 49 3 6 0
0 26 53 14 19 35 8 7 0
0 9 39 25 55 50 18 24 0
0 5 29 48 21 69 71 60 20 0
0 75 33 63 16 68 4 0
0 2 28 74 0
========================================================

========================================================
Solution for: E-n76-k10
Total time: 60.86149263381958   Solution cost: 1059.5337615822327  Iteration: 443
0 5 36 71 70 60 20 37 29 0
0 11 31 55 25 9 32 0
0 34 27 48 47 21 30 0
0 17 44 3 49 24 16 51 0
0 40 39 10 7 67 26 0
0 12 58 72 38 14 54 13 52 0
0 63 33 73 1 42 41 64 61 69 0
0 53 65 66 59 19 35 8 0
0 4 75 68 2 28 74 0
0 6 50 18 23 56 43 22 62 0
0 45 15 57 46 0
========================================================

========================================================
Solution for: E-n76-k10
Total time: 48.3500771522522   Solution cost: 1051.0546882190665  Iteration: 359
0 13 54 8 46 34 67 52 0
0 51 16 49 24 56 41 23 33 0
0 6 2 74 28 22 1 62 73 0
0 26 7 35 53 14 19 15 75 0
0 65 38 72 44 3 63 43 64 42 68 0
0 4 30 48 5 29 45 0
0 47 21 36 20 70 37 57 27 0
0 58 10 31 9 39 17 0
0 61 69 71 60 59 66 11 0
0 12 40 25 55 18 50 32 0
========================================================

========================================================
Solution for: E-n76-k10
Total time: 60.937299728393555   Solution cost: 1037.1346969355516  Iteration: 430
0 14 59 66 10 58 0
0 2 62 73 43 23 49 16 63 33 0
0 29 71 60 70 20 37 5 15 48 0
0 6 1 42 41 56 18 55 31 72 0
0 46 19 54 13 57 27 45 0
0 32 50 24 64 22 61 0
0 17 39 9 25 40 0
0 67 4 52 34 68 75 0
0 7 11 65 38 53 35 8 0
0 28 74 21 69 36 47 30 0
0 26 12 3 44 51 0
========================================================

========================================================
Solution for: E-n76-k10
Total time: 60.84322786331177   Solution cost: 1101.2821561984524  Iteration: 325
0 53 59 54 13 26 75 0
0 11 66 65 38 7 35 0
0 47 5 37 20 57 27 52 0
0 17 51 16 33 2 68 0
0 67 46 34 29 74 30 6 0
0 72 9 39 31 10 58 0
0 24 49 62 21 71 60 70 15 45 0
0 63 23 56 41 43 22 61 28 73 0
0 8 19 14 12 40 44 0
0 4 3 32 18 55 25 50 0
0 48 36 69 64 42 1 0
========================================================

========================================================
Solution for: E-n76-k10
Total time: 60.90799331665039   Solution cost: 1080.4630797429681  Iteration: 371
0 66 65 31 10 67 0
0 7 53 14 20 60 70 71 29 0
0 75 27 57 15 37 5 47 48 0
0 6 1 43 41 42 56 24 49 0
0 45 21 36 69 61 64 22 73 0
0 26 58 72 39 51 33 16 23 63 0
0 35 59 11 38 4 0
0 17 40 50 18 55 25 9 0
0 8 19 54 13 3 44 32 12 0
0 68 30 74 28 62 2 0
0 46 34 52 0
========================================================

========================================================
Solution for: E-n76-k10
Total time: 38.725438356399536   Solution cost: 1214.0698729881842  Iteration: 238
0 65 66 59 15 70 20 37 0
0 39 72 58 11 60 71 69 47 30 0
0 51 33 1 41 63 75 4 0
0 48 36 57 35 7 8 46 34 0
0 45 5 29 74 2 6 68 0
0 40 55 31 10 38 12 0
0 26 17 32 44 23 56 49 3 0
0 21 61 64 42 43 16 0
0 53 14 28 22 62 73 0
0 9 25 50 18 24 67 0
0 19 54 13 27 52 0
========================================================

========================================================
Solution for: E-n76-k10
Total time: 60.8961865901947   Solution cost: 1023.791372628169  Iteration: 368
0 6 33 41 42 64 1 73 0
0 26 75 30 47 69 21 68 0
0 12 72 39 9 44 3 18 24 49 0
0 11 38 31 10 0
0 40 32 25 55 50 17 0
0 45 29 5 54 13 52 46 0
0 58 65 66 59 53 35 8 0
0 62 28 61 22 43 56 23 63 0
0 34 15 57 37 20 70 60 71 36 27 0
0 4 48 74 2 16 51 0
0 67 7 14 19 0
========================================================

========================================================
Solution for: E-n76-k10
Total time: 60.84296274185181   Solution cost: 1054.3685499912651  Iteration: 413
0 53 14 59 19 13 57 15 29 0
0 68 2 32 18 24 49 6 0
0 52 20 70 60 71 37 54 8 0
0 4 21 61 22 28 62 73 0
0 3 44 25 55 50 9 40 0
0 51 16 23 56 64 33 75 0
0 17 39 72 66 11 35 7 0
0 12 58 10 31 65 38 26 0
0 63 41 42 43 1 74 34 46 0
0 48 47 69 36 5 45 30 27 0
0 67 0
========================================================

========================================================
Solution for: E-n76-k10
Total time: 60.87070560455322   Solution cost: 1010.7718877572005  Iteration: 446
0 23 56 41 43 1 3 44 32 0
0 67 8 26 40 17 0
0 2 22 42 64 61 69 36 37 0
0 33 73 62 74 28 21 48 0
0 52 34 46 27 13 54 19 35 0
0 58 10 31 72 39 9 12 0
0 38 65 66 59 14 7 0
0 51 16 63 49 24 50 18 55 25 0
0 29 20 70 60 71 57 11 53 0
0 6 30 47 15 5 45 4 0
0 68 75 0
========================================================


======================================================================================================================================
========================================================
Solution for: E-n101-k8
Total time: 80.85044240951538   Solution cost: 1161.9813842836547  Iteration: 477
0 18 5 84 17 45 82 88 10 90 63 64 11 49 36 46 8 0
0 4 39 67 23 74 56 68 3 78 33 76 0
0 20 32 62 19 47 48 7 83 60 95 57 21 40 0
0 54 29 34 71 35 66 65 9 51 81 79 0
0 58 42 43 14 44 91 85 93 16 61 100 37 98 0
0 6 86 38 15 41 22 72 75 25 55 24 80 12 26 53 0
0 13 97 92 59 99 87 2 73 77 50 30 70 1 27 0
0 89 94 96 52 31 69 28 0
========================================================

========================================================
Solution for: E-n101-k8
Total time: 80.81020784378052   Solution cost: 1250.5036296215217  Iteration: 469
0 30 90 63 64 49 11 19 7 88 62 10 32 52 0
0 81 35 34 78 54 75 23 15 43 16 61 5 0
0 71 65 66 70 18 46 36 47 8 45 83 48 82 0
0 13 98 92 6 89 69 80 24 29 68 79 33 9 20 51 1 0
0 58 73 22 74 2 87 97 14 38 44 37 94 0
0 27 31 60 93 99 95 59 96 76 3 77 50 0
0 85 100 84 17 86 91 42 57 41 56 72 21 40 53 0
0 26 4 67 39 25 55 12 28 0
========================================================

========================================================
Solution for: E-n101-k8
Total time: 80.98405647277832   Solution cost: 1346.9555231838135  Iteration: 340
0 22 56 75 74 92 100 91 16 61 47 19 7 52 89 27 0
0 53 87 14 38 43 15 41 73 4 54 24 80 76 12 28 0
0 33 9 81 79 77 18 45 5 93 97 42 57 0
0 21 39 55 25 67 23 72 2 96 8 46 48 69 0
0 50 3 68 29 34 71 35 32 62 82 59 0
0 1 31 49 36 64 11 63 20 66 65 30 70 0
0 44 85 86 17 98 37 99 84 83 60 88 10 90 51 78 0
0 13 94 95 6 58 40 26 0
========================================================

========================================================
Solution for: E-n101-k8
Total time: 76.00789737701416   Solution cost: 1200.0112421141025  Iteration: 433
0 82 8 45 83 99 92 98 89 66 65 34 78 26 40 53 0
0 27 1 50 76 51 30 90 32 20 71 35 9 3 6 61 97 0
0 13 58 72 74 4 55 25 67 23 22 41 73 21 0
0 2 42 57 75 56 39 54 24 29 81 79 77 12 0
0 28 69 31 88 48 47 46 17 84 60 95 96 94 0
0 68 80 33 70 19 36 49 64 11 63 10 62 7 52 0
0 18 5 93 85 16 86 38 44 91 0
0 100 37 59 14 43 15 87 0
========================================================

========================================================
Solution for: E-n101-k8
Total time: 68.24065017700195   Solution cost: 1329.9050683320975  Iteration: 392
0 85 92 73 72 74 39 54 68 12 0
0 81 9 71 64 49 48 11 62 94 0
0 77 3 34 78 55 4 56 21 1 69 52 18 84 38 14 43 87 0
0 50 51 33 79 24 80 26 40 97 37 98 59 96 60 95 6 0
0 27 88 7 19 47 36 46 45 17 86 44 91 93 53 0
0 58 2 57 15 75 22 13 89 70 20 66 65 35 0
0 31 10 30 32 90 63 82 8 83 61 16 5 0
0 28 76 29 25 67 23 41 42 100 99 0
========================================================

========================================================
Solution for: E-n101-k8
Total time: 80.94684433937073   Solution cost: 1208.8380933574126  Iteration: 469
0 27 1 70 30 81 51 32 90 63 11 8 60 5 6 13 0
0 61 16 85 91 44 86 38 14 43 15 53 0
0 48 47 93 98 37 100 92 41 22 23 56 21 40 0
0 12 3 33 26 2 57 42 87 97 94 95 99 0
0 39 67 25 55 80 68 71 65 35 9 76 28 0
0 82 7 62 88 58 73 72 74 75 4 54 24 29 77 0
0 59 96 18 52 50 79 78 34 66 20 10 31 69 0
0 89 19 64 49 36 46 45 17 84 83 0
========================================================

========================================================
Solution for: E-n101-k8
Total time: 67.33450698852539   Solution cost: 1286.4957772666241  Iteration: 285
0 22 75 23 67 41 93 5 8 47 0
0 81 71 65 35 78 79 30 10 63 11 62 31 0
0 100 42 57 87 73 4 25 55 54 26 58 59 96 0
0 68 24 34 29 12 21 72 74 56 39 80 77 76 0
0 52 32 90 64 49 36 46 45 83 99 40 53 28 1 69 27 0
0 13 2 97 6 60 18 82 7 88 66 20 9 51 33 3 50 70 0
0 94 37 98 15 43 14 38 44 61 17 48 19 0
0 95 92 85 91 16 86 84 89 0
========================================================

========================================================
Solution for: E-n101-k8
Total time: 80.85860419273376   Solution cost: 1195.4080730082667  Iteration: 395
0 85 5 9 35 65 71 66 70 31 0
0 94 27 77 3 24 25 23 67 39 55 12 0
0 13 97 99 95 87 57 15 43 42 100 16 91 61 84 60 18 0
0 30 10 62 19 36 47 45 17 37 92 59 96 89 0
0 28 40 26 2 41 22 74 75 56 4 54 29 34 78 81 0
0 98 44 86 38 14 93 6 69 76 80 68 0
0 48 49 64 11 63 90 32 20 51 79 33 50 1 0
0 53 72 73 21 58 52 88 7 82 46 8 83 0
========================================================

========================================================
Solution for: E-n101-k8
Total time: 75.54548072814941   Solution cost: 1381.9637622478426  Iteration: 372
0 26 4 39 25 54 76 7 48 82 83 18 89 0
0 20 71 66 64 49 5 85 100 6 0
0 94 95 92 37 33 35 65 90 63 10 52 2 74 73 21 40 0
0 67 55 24 29 78 70 62 8 47 11 32 30 1 50 28 0
0 13 87 15 23 56 3 79 81 34 9 51 69 0
0 27 80 68 77 12 53 97 59 93 96 0
0 31 88 36 19 46 86 16 44 91 60 84 45 17 61 98 99 0
0 72 75 22 41 43 38 14 42 57 58 0
========================================================

========================================================
Solution for: E-n101-k8
Total time: 80.82417225837708   Solution cost: 1341.4840859258  Iteration: 324
0 52 7 82 96 2 57 87 16 84 36 49 19 48 0
0 11 64 65 71 35 34 78 3 72 21 97 94 6 60 18 0
0 89 92 98 100 91 85 14 44 38 86 37 99 0
0 27 69 31 70 10 20 66 63 32 90 62 88 0
0 68 13 95 74 23 67 39 56 0
0 59 42 41 22 75 12 81 51 33 79 76 77 0
0 28 26 4 55 25 80 50 1 30 9 29 24 54 53 58 0
0 93 61 5 17 45 46 47 83 8 43 15 73 40 0
========================================================


======================================================================================================================================
========================================================
Solution for: E-n101-k14
Total time: 75.310222864151   Solution cost: 1491.531232412635  Iteration: 381
0 13 6 8 46 49 64 10 27 0
0 54 4 21 28 69 7 82 18 52 0
0 67 39 55 25 2 94 40 0
0 99 16 88 1 77 68 76 0
0 37 61 38 14 15 41 22 26 0
0 89 83 45 84 17 86 91 92 95 0
0 53 58 87 42 97 96 0
0 48 47 36 19 11 0
0 59 85 44 100 0
0 20 66 65 71 29 24 80 12 0
0 43 57 74 75 23 56 72 73 0
0 3 78 34 35 70 60 5 93 98 0
0 51 9 79 81 33 50 0
0 30 32 63 90 62 31 0
========================================================

========================================================
Solution for: E-n101-k14
Total time: 80.80031228065491   Solution cost: 1452.1587610376343  Iteration: 441
0 40 72 23 21 2 58 0
0 27 69 29 54 80 68 0
0 13 100 85 92 59 0
0 79 78 81 30 10 62 0
0 88 90 63 32 20 66 9 51 70 0
0 82 18 99 26 12 3 50 0
0 47 19 48 7 31 0
0 55 25 39 83 45 17 5 60 89 0
0 1 71 65 35 34 33 52 0
0 87 15 43 14 42 97 94 0
0 95 16 86 38 44 0
0 41 22 75 74 73 57 98 93 0
0 28 77 76 24 4 67 56 53 0
0 11 64 49 36 46 8 84 61 91 37 96 6 0
========================================================

========================================================
Solution for: E-n101-k14
Total time: 80.86759972572327   Solution cost: 1407.277507963039  Iteration: 445
0 67 25 24 34 35 65 66 1 0
0 73 39 56 75 23 74 21 0
0 72 22 41 100 91 16 61 60 0
0 31 90 63 32 20 71 9 78 0
0 18 83 45 46 47 70 76 50 0
0 13 94 95 97 53 28 0
0 52 88 82 11 64 49 36 19 7 0
0 42 14 38 43 15 57 87 2 0
0 4 54 55 80 68 29 12 0
0 48 8 99 5 84 27 0
0 96 37 44 86 17 93 92 6 0
0 89 85 59 98 0
0 81 51 30 10 62 69 0
0 58 40 26 33 79 3 77 0
========================================================

========================================================
Solution for: E-n101-k14
Total time: 80.83656978607178   Solution cost: 1445.2000791789555  Iteration: 447
0 93 86 17 45 83 0
0 31 48 36 47 46 60 0
0 27 1 50 24 68 29 79 0
0 97 14 38 43 80 34 78 35 81 0
0 40 23 67 56 74 73 2 58 0
0 18 8 5 84 91 44 42 25 55 54 0
0 51 66 20 30 10 62 88 0
0 13 57 15 41 39 21 26 0
0 53 12 77 3 76 28 0
0 94 22 75 4 72 0
0 82 7 19 64 49 11 52 0
0 87 100 85 37 6 89 0
0 96 16 61 99 98 59 92 95 0
0 33 9 71 65 32 63 90 70 69 0
========================================================

========================================================
Solution for: E-n101-k14
Total time: 80.88211131095886   Solution cost: 1374.010979131272  Iteration: 445
0 7 82 48 8 83 18 0
0 68 21 72 75 74 73 0
0 87 42 91 85 93 89 0
0 1 30 70 62 31 27 0
0 4 56 41 22 57 92 100 37 97 0
0 94 98 16 5 84 61 0
0 26 12 77 80 24 29 34 78 3 50 0
0 53 59 95 2 13 58 0
0 6 60 45 17 46 47 36 49 64 11 0
0 79 35 65 71 9 33 28 0
0 86 44 14 38 43 15 0
0 23 67 39 25 55 54 0
0 76 51 66 32 19 88 52 0
0 99 96 69 10 63 90 20 81 40 0
========================================================

========================================================
Solution for: E-n101-k14
Total time: 57.06193733215332   Solution cost: 1694.1825926261647  Iteration: 311
0 32 90 70 1 40 21 76 79 78 33 0
0 6 85 100 15 41 22 2 0
0 27 69 88 60 83 84 93 13 0
0 81 31 82 52 94 0
0 53 72 74 4 9 35 34 0
0 18 5 61 86 96 99 0
0 19 48 45 17 38 44 0
0 11 64 62 10 3 68 0
0 58 57 42 14 43 23 56 75 0
0 71 65 66 20 28 0
0 59 98 92 87 73 25 55 54 0
0 12 29 24 80 77 50 89 97 95 91 0
0 8 46 16 37 67 39 26 0
0 7 47 36 49 63 30 51 0
========================================================

========================================================
Solution for: E-n101-k14
Total time: 80.41347408294678   Solution cost: 1480.6975204620203  Iteration: 433
0 56 23 39 93 97 0
0 31 30 32 63 88 89 0
0 87 41 75 67 25 55 54 80 0
0 81 66 65 71 9 51 0
0 62 11 19 47 7 52 0
0 86 16 8 48 18 0
0 26 68 13 95 92 96 6 0
0 82 36 49 64 10 1 28 0
0 58 40 72 74 22 73 21 53 0
0 59 5 61 44 38 0
0 76 33 29 24 4 15 42 14 100 2 0
0 79 78 34 35 20 70 90 46 45 17 84 83 60 0
0 99 98 37 57 43 91 85 94 0
0 50 3 77 12 69 27 0
========================================================

========================================================
Solution for: E-n101-k14
Total time: 79.54070353507996   Solution cost: 1444.958625528822  Iteration: 432
0 45 46 19 11 63 66 65 51 0
0 74 56 67 25 55 24 29 20 32 90 70 0
0 23 39 4 54 0
0 95 93 86 44 42 97 0
0 87 92 98 37 85 99 0
0 47 49 64 36 48 0
0 31 88 18 83 60 91 38 14 0
0 27 30 10 62 7 6 100 15 43 0
0 5 84 61 16 17 8 82 52 69 0
0 75 72 73 80 68 0
0 59 96 94 89 13 0
0 81 9 35 71 34 78 33 50 0
0 58 40 22 41 57 2 21 26 53 0
0 76 79 3 77 1 12 28 0
========================================================

========================================================
Solution for: E-n101-k14
Total time: 80.8421106338501   Solution cost: 1428.157441925326  Iteration: 444
0 71 65 35 34 67 23 0
0 50 33 81 68 12 0
0 82 62 88 31 70 27 0
0 13 85 59 53 0
0 52 10 90 63 64 49 36 46 18 6 0
0 94 95 96 99 100 42 43 15 0
0 32 20 66 9 51 30 0
0 58 40 76 77 3 80 54 26 0
0 61 86 38 44 91 87 0
0 93 37 98 97 92 16 84 5 0
0 22 41 57 14 17 45 8 60 83 0
0 72 74 73 2 28 1 69 79 78 0
0 48 11 19 47 7 89 0
0 21 75 39 56 4 25 55 24 29 0
========================================================

========================================================
Solution for: E-n101-k14
Total time: 80.94600677490234   Solution cost: 1465.9520379178807  Iteration: 441
0 18 17 45 46 36 49 47 19 0
0 6 93 16 86 38 37 0
0 28 81 32 90 10 31 0
0 30 66 65 35 71 9 0
0 99 85 1 33 50 80 12 0
0 96 92 97 42 56 67 25 55 68 69 0
0 83 8 7 88 11 64 63 20 51 70 27 0
0 89 94 13 58 40 53 0
0 26 78 34 24 39 23 0
0 5 84 60 98 72 73 75 21 0
0 100 44 91 61 59 95 0
0 4 54 29 3 79 76 77 0
0 87 2 74 22 41 57 15 43 14 0
0 82 48 62 52 0
========================================================


======================================================================================================================================
